Frame	Objetos_Detectados	IDs_Confirmados	IDs_Unicos	En_Zonas	Cruzaron_Lineas
1	8	8	8	0	0
2	8	8	8	0	0
3	8	8	8	0	0
4	8	8	8	0	0
5	8	8	8	0	0
6	8	8	8	0	0
7	8	8	8	0	0
8	8	8	8	0	0
9	8	8	8	0	0
10	8	8	8	0	0
11	8	8	8	0	0
12	8	8	8	0	0
13	8	8	8	0	0
14	8	8	8	0	0
15	8	8	8	0	0
16	8	8	8	0	0
17	8	8	8	0	0
18	8	8	8	0	0
19	8	8	8	0	0
20	8	8	8	0	0
21	8	8	8	0	0
22	8	8	8	0	0
23	9	9	9	0	0
24	9	9	9	0	0
25	9	9	9	0	0
26	9	9	9	0	0
27	9	9	9	0	0
28	9	9	9	0	0
29	9	9	9	0	0
30	9	9	9	0	0
31	9	9	9	0	0
32	9	9	9	0	0
33	9	9	9	0	0
34	9	9	9	0	0
35	9	9	9	0	0
36	9	9	9	0	0
37	9	9	9	0	0
38	9	9	9	0	0
39	9	9	9	0	0
40	9	9	9	0	0
41	9	9	9	0	0
42	9	9	9	0	0
43	9	9	9	0	0
44	9	9	9	0	0
45	9	9	9	0	0
46	9	9	9	0	0
47	9	9	9	0	0
48	9	9	9	0	0
49	9	9	9	0	0
50	8	8	9	0	0
51	8	8	9	0	0
52	9	9	9	0	0
53	9	9	9	0	0
54	9	9	9	0	0
55	9	9	9	0	0
56	9	9	9	0	0
57	9	9	9	0	0
58	10	10	10	0	0
59	10	10	10	0	0
60	10	10	10	0	0
61	10	10	10	0	0
62	10	10	10	0	0
63	10	10	10	0	0
64	10	10	10	0	0
65	10	10	10	0	0
66	10	10	10	0	0
67	10	10	10	0	0
68	10	10	10	0	0
69	10	10	10	0	0
70	10	10	10	0	0
71	10	10	10	0	0
72	10	10	10	0	0
73	11	11	11	0	0
74	11	11	11	0	0
75	11	11	11	0	0
76	11	11	11	0	0
77	11	11	11	0	0
78	11	11	11	0	0
79	11	11	11	0	0
80	11	11	11	0	0
81	11	11	11	0	0
82	11	11	11	0	0
83	11	11	11	0	0
84	11	11	11	0	0
85	11	11	11	0	0
86	11	11	11	0	0
87	11	11	11	0	0
88	11	11	11	0	0
89	11	11	11	0	0
90	11	11	11	0	0
91	11	11	11	0	0
92	11	11	11	0	0
93	11	11	11	0	0
94	11	11	11	0	0
95	11	11	11	0	0
96	11	11	11	0	0
97	11	11	11	0	0
98	11	11	11	0	0
99	11	11	11	0	0
100	11	11	11	0	0
101	11	11	11	0	0
102	11	11	11	0	0
103	11	11	11	0	0
104	11	11	11	0	0
105	11	11	11	0	0
106	11	11	11	0	0
107	12	12	12	0	0
108	12	12	12	0	0
109	12	12	12	0	0
110	12	12	12	0	0
111	12	12	12	0	0
112	12	12	12	0	0
113	12	12	12	0	0
114	12	12	12	0	0
115	12	12	12	0	0
116	12	12	12	0	0
117	12	12	12	0	0
118	12	12	12	0	0
119	12	12	12	0	0
120	12	12	12	0	0
121	12	12	12	0	0
122	12	12	12	0	0
123	12	12	12	0	0
124	12	12	12	0	0
125	12	12	12	0	0
126	12	12	12	0	0
127	12	12	12	0	0
128	12	12	12	0	0
129	12	12	12	0	0
130	12	12	12	0	0
131	12	12	12	0	0
132	12	12	12	0	0
133	12	12	12	0	0
134	12	12	12	0	0
135	12	12	12	0	0
136	12	12	12	0	0
137	12	12	12	0	0
138	12	12	12	0	0
139	12	12	12	0	0
140	12	12	12	0	0
141	12	12	12	0	0
142	12	12	12	0	0
143	13	13	13	0	0
144	13	13	13	0	0
145	13	13	13	0	0
146	12	12	13	0	0
147	12	12	13	0	0
148	12	12	13	0	0
149	12	12	13	0	0
150	12	12	13	0	0
151	12	12	13	0	0
152	12	12	13	0	0
153	12	12	13	0	0
154	12	12	13	0	0
155	12	12	13	0	0
156	13	13	14	0	0
157	13	13	14	0	0
158	12	12	14	0	0
159	13	13	15	0	0
160	11	11	15	0	0
161	11	11	15	0	0
162	11	11	15	0	0
163	11	11	15	0	0
164	11	11	15	0	0
165	10	10	15	0	0
166	10	10	15	0	0
167	11	11	15	0	0
168	11	11	15	0	0
169	11	11	15	0	0
170	10	10	15	0	0
171	10	10	15	0	0
172	10	10	15	0	0
173	9	9	15	0	0
174	10	10	16	0	0
175	10	10	16	0	0
176	10	10	16	0	0
177	11	11	16	0	0
178	12	12	16	0	0
179	12	12	16	0	0
180	12	12	16	0	0
181	12	12	16	0	0
182	12	12	16	0	0
183	12	12	16	0	0
184	12	12	16	0	0
185	12	12	16	0	0
186	12	12	16	0	0
187	12	12	16	0	0
188	12	12	16	0	0
189	12	12	16	0	0
190	12	12	16	0	0
191	13	13	16	0	0
192	13	13	16	0	0
193	13	13	16	0	0
194	13	13	16	0	0
195	13	13	16	0	0
196	13	13	16	0	0
197	13	13	16	0	0
198	12	12	16	0	0
199	12	12	16	0	0
200	12	12	16	0	0
201	12	12	16	0	0
202	12	12	16	0	0
203	12	12	16	0	0
204	13	13	17	0	0
205	13	13	17	0	0
206	13	13	17	0	0
207	12	12	17	0	0
208	13	13	17	0	0
209	12	12	17	0	0
210	12	12	17	0	0
211	12	12	17	0	0
212	13	13	18	0	0
213	13	13	18	0	0
214	13	13	18	0	0
215	13	13	18	0	0
216	12	12	18	0	0
217	12	12	18	0	0
218	12	12	18	0	0
219	13	13	18	0	0
220	13	13	18	0	0
221	13	13	18	0	0
222	13	13	18	0	0
223	12	12	18	0	0
224	12	12	18	0	0
225	12	12	18	0	0
226	12	12	18	0	0
227	12	12	18	0	0
228	12	12	18	0	0
229	13	13	19	0	0
230	13	13	19	0	0
231	13	13	19	0	0
232	13	13	19	0	0
233	13	13	19	0	0
234	13	13	19	0	0
235	13	13	19	0	0
236	13	13	19	0	0
237	13	13	19	0	0
238	13	13	19	0	0
239	13	13	19	0	0
240	13	13	19	0	0
241	13	13	19	0	0
242	13	13	19	0	0
243	13	13	19	0	0
244	13	13	19	0	0
245	13	13	19	0	0
246	13	13	19	0	0
247	13	13	19	0	0
248	13	13	19	0	0
249	13	13	19	0	0
250	13	13	19	0	0
251	13	13	19	0	0
252	13	13	19	0	0
253	13	13	19	0	0
254	13	13	19	0	0
255	13	13	19	0	0
256	14	14	20	0	0
257	15	15	21	0	0
258	13	13	21	0	0
259	13	13	21	0	0
260	13	13	21	0	0
261	13	13	21	0	0
262	13	13	21	0	0
263	13	13	21	0	0
264	13	13	21	0	0
265	12	12	21	0	0
266	12	12	21	0	0
267	12	12	21	0	0
268	12	12	21	0	0
269	12	12	21	0	0
270	12	12	21	0	0
271	12	12	21	0	0
272	12	12	21	0	0
273	12	12	21	0	0
274	12	12	21	0	0
275	13	13	22	0	0
276	13	13	22	0	0
277	13	13	22	0	0
278	13	13	22	0	0
279	13	13	22	0	0
280	14	14	22	0	0
281	14	14	22	0	0
282	14	14	22	0	0
283	14	14	22	0	0
284	14	14	22	0	0
285	14	14	22	0	0
286	13	13	22	0	0
287	13	13	22	0	0
288	13	13	22	0	0
289	13	13	22	0	0
290	14	14	22	0	0
291	14	14	22	0	0
292	14	14	22	0	0
293	14	14	22	0	0
294	14	14	22	0	0
295	14	14	22	0	0
296	14	14	22	0	0
297	15	15	23	0	0
298	15	15	23	0	0
299	15	15	23	0	0
300	15	15	23	0	0
301	14	14	23	0	0
302	14	14	23	0	0
303	14	14	23	0	0
304	14	14	23	0	0
305	14	14	23	0	0
306	14	14	23	0	0
307	14	14	23	0	0
308	14	14	23	0	0
309	14	14	23	0	0
310	13	13	23	0	0
311	13	13	23	0	0
312	13	13	23	0	0
313	13	13	23	0	0
314	13	13	23	0	0
315	13	13	23	0	0
316	13	13	23	0	0
317	13	13	23	0	0
318	13	13	23	0	0
319	12	12	23	0	0
320	12	12	23	0	0
321	12	12	23	0	0
322	13	13	23	0	0
323	13	13	23	0	0
324	13	13	23	0	0
325	13	13	23	0	0
326	12	12	23	0	0
327	12	12	23	0	0
328	12	12	23	0	0
329	13	13	23	0	0
330	13	13	23	0	0
331	14	14	24	0	0
332	14	14	24	0	0
333	13	13	24	0	0
334	13	13	24	0	0
335	13	13	24	0	0
336	13	13	24	0	0
337	13	13	24	0	0
338	13	13	24	0	0
339	13	13	24	0	0
340	13	13	24	0	0
341	13	13	24	0	0
342	13	13	24	0	0
343	13	13	24	0	0
344	13	13	24	0	0
345	13	13	24	0	0
346	13	13	24	0	0
347	13	13	24	0	0
348	13	13	24	0	0
349	14	14	25	0	0
350	14	14	25	0	0
351	14	14	25	0	0
352	14	14	25	0	0
353	13	13	25	0	0
354	13	13	25	0	0
355	13	13	25	0	0
356	12	12	25	0	0
357	12	12	25	0	0
358	12	12	25	0	0
359	12	12	25	0	0
360	12	12	25	0	0
361	12	12	25	0	0
362	12	12	25	0	0
363	11	11	25	0	0
364	11	11	25	0	0
365	11	11	25	0	0
366	11	11	25	0	0
367	11	11	25	0	0
368	11	11	25	0	0
369	10	10	25	0	0
370	10	10	25	0	0
371	10	10	25	0	0
372	10	10	25	0	0
373	10	10	25	0	0
374	10	10	25	0	0
375	10	10	25	0	0
376	10	10	25	0	0
377	10	10	25	0	0
378	11	11	25	0	0
379	11	11	25	0	0
380	11	11	25	0	0
381	12	12	25	0	0
382	12	12	25	0	0
383	12	12	25	0	0
384	12	12	25	0	0
385	12	12	25	0	0
386	12	12	25	0	0
387	12	12	25	0	0
388	12	12	25	0	0
389	12	12	25	0	0
390	12	12	25	0	0
391	12	12	25	0	0
392	12	12	25	0	0
393	12	12	25	0	0
394	13	13	26	0	0
395	13	13	26	0	0
396	13	13	26	0	0
397	13	13	26	0	0
398	13	13	26	0	0
399	13	13	26	0	0
400	12	12	26	0	0
401	12	12	26	0	0
402	12	12	26	0	0
403	12	12	26	0	0
404	12	12	26	0	0
405	12	12	26	0	0
406	12	12	26	0	0
407	12	12	26	0	0
408	12	12	26	0	0
409	12	12	26	0	0
410	12	12	26	0	0
411	12	12	26	0	0
412	12	12	26	0	0
413	12	12	26	0	0
414	12	12	26	0	0
415	12	12	26	0	0
416	12	12	26	0	0
417	12	12	26	0	0
418	12	12	26	0	0
419	12	12	26	0	0
420	12	12	26	0	0
421	12	12	26	0	0
422	13	13	27	0	0
423	13	13	27	0	0
424	13	13	27	0	0
425	13	13	27	0	0
426	13	13	27	0	0
427	13	13	27	0	0
428	13	13	27	0	0
429	13	13	27	0	0
430	13	13	27	0	0
431	13	13	27	0	0
432	13	13	27	0	0
433	13	13	27	0	0
434	13	13	27	0	0
435	13	13	27	0	0
436	13	13	27	0	0
437	13	13	27	0	0
438	13	13	27	0	0
439	13	13	27	0	0
440	13	13	27	0	0
441	13	13	27	0	0
442	13	13	27	0	0
443	13	13	27	0	0
444	13	13	27	0	0
445	13	13	27	0	0
446	13	13	27	0	0
447	13	13	27	0	0
448	13	13	27	0	0
449	13	13	27	0	0
450	13	13	27	0	0
451	13	13	27	0	0
452	13	13	27	0	0
453	13	13	27	0	0
454	13	13	27	0	0
455	13	13	27	0	0
456	13	13	27	0	0
457	13	13	27	0	0
458	13	13	27	0	0
459	13	13	27	0	0
460	13	13	27	0	0
461	13	13	27	0	0
462	13	13	27	0	0
463	13	13	27	0	0
464	12	12	27	0	0
465	12	12	27	0	0
466	12	12	27	0	0
467	12	12	27	0	0
468	12	12	27	0	0
469	12	12	27	0	0
470	12	12	27	0	0
471	12	12	27	0	0
472	12	12	27	0	0
473	12	12	27	0	0
474	12	12	27	0	0
475	12	12	27	0	0
476	12	12	27	0	0
477	12	12	27	0	0
478	12	12	27	0	0
479	12	12	27	0	0
480	12	12	27	0	0
481	12	12	27	0	0
482	14	14	29	0	0
483	14	14	29	0	0
484	14	14	29	0	0
485	14	14	29	0	0
486	14	14	29	0	0
487	14	14	29	0	0
488	14	14	29	0	0
489	14	14	29	0	0
490	14	14	29	0	0
491	14	14	29	0	0
492	14	14	29	0	0
493	14	14	29	0	0
494	14	14	29	0	0
495	14	14	29	0	0
496	14	14	29	0	0
497	14	14	29	0	0
498	13	13	29	0	0
499	14	14	30	0	0
500	14	14	30	0	0
501	14	14	30	0	0
502	14	14	30	0	0
503	14	14	30	0	0
504	14	14	30	0	0
505	14	14	30	0	0
506	14	14	30	0	0
507	14	14	30	0	0
508	14	14	30	0	0
509	14	14	30	0	0
510	14	14	30	0	0
511	14	14	30	0	0
512	14	14	30	0	0
513	14	14	30	0	0
514	14	14	30	0	0
515	14	14	30	0	0
516	14	14	30	0	0
517	14	14	30	0	0
518	14	14	30	0	0
519	14	14	30	0	0
520	14	14	30	0	0
521	14	14	30	0	0
522	14	14	30	0	0
523	14	14	30	0	0
524	14	14	30	0	0
525	14	14	30	0	0
526	14	14	30	0	0
527	14	14	30	0	0
528	14	14	30	0	0
529	14	14	30	0	0
530	14	14	30	0	0
531	14	14	30	0	0
532	14	14	30	0	0
533	14	14	30	0	0
534	14	14	30	0	0
535	14	14	30	0	0
536	14	14	30	0	0
537	14	14	30	0	0
538	14	14	30	0	0
539	14	14	30	0	0
540	14	14	30	0	0
541	14	14	30	0	0
542	14	14	30	0	0
543	14	14	30	0	0
544	14	14	30	0	0
545	14	14	30	0	0
546	14	14	30	0	0
547	14	14	30	0	0
548	14	14	30	0	0
549	14	14	30	0	0
550	14	14	30	0	0
551	14	14	30	0	0
552	14	14	30	0	0
553	14	14	30	0	0
554	14	14	30	0	0
555	14	14	30	0	0
556	14	14	30	0	0
557	13	13	30	0	0
558	13	13	30	0	0
559	13	13	30	0	0
560	13	13	30	0	0
561	13	13	30	0	0
562	13	13	30	0	0
563	13	13	30	0	0
564	13	13	30	0	0
565	13	13	30	0	0
566	13	13	30	0	0
567	13	13	30	0	0
568	13	13	30	0	0
569	13	13	30	0	0
570	13	13	30	0	0
571	13	13	30	0	0
572	13	13	30	0	0
573	13	13	30	0	0
574	13	13	30	0	0
575	13	13	30	0	0
576	13	13	30	0	0
577	13	13	30	0	0
578	13	13	30	0	0
579	13	13	30	0	0
580	13	13	30	0	0
581	13	13	30	0	0
582	13	13	30	0	0
583	13	13	30	0	0
584	13	13	30	0	0
585	13	13	30	0	0
586	13	13	30	0	0
587	13	13	30	0	0
588	13	13	30	0	0
589	13	13	30	0	0
590	13	13	30	0	0
591	13	13	30	0	0
592	13	13	30	0	0
593	13	13	30	0	0
594	13	13	30	0	0
595	13	13	30	0	0
596	13	13	30	0	0
597	13	13	30	0	0
598	13	13	30	0	0
599	13	13	30	0	0
600	13	13	30	0	0
601	13	13	30	0	0
602	12	12	30	0	0
603	12	12	30	0	0
604	12	12	30	0	0
605	12	12	30	0	0
606	12	12	30	0	0
607	12	12	30	0	0
608	12	12	30	0	0
609	12	12	30	0	0
610	12	12	30	0	0
611	12	12	30	0	0
612	12	12	30	0	0
613	12	12	30	0	0
614	12	12	30	0	0
615	12	12	30	0	0
616	12	12	30	0	0
617	11	11	30	0	0
618	11	11	30	0	0
619	11	11	30	0	0
620	11	11	30	0	0
621	11	11	30	0	0
622	11	11	30	0	0
623	11	11	30	0	0
624	11	11	30	0	0
625	11	11	30	0	0
626	11	11	30	0	0
627	11	11	30	0	0
628	11	11	30	0	0
629	11	11	30	0	0
630	11	11	30	0	0
631	11	11	30	0	0
632	11	11	30	0	0
633	11	11	30	0	0
634	11	11	30	0	0
635	11	11	30	0	0
636	11	11	30	0	0
637	11	11	30	0	0
638	11	11	30	0	0
639	11	11	30	0	0
640	11	11	30	0	0
641	11	11	30	0	0
642	11	11	30	0	0
643	11	11	30	0	0
644	11	11	30	0	0
645	11	11	30	0	0
646	11	11	30	0	0
647	11	11	30	0	0
648	11	11	30	0	0
649	11	11	30	0	0
650	11	11	30	0	0
651	11	11	30	0	0
652	11	11	30	0	0
653	11	11	30	0	0
654	11	11	30	0	0
655	11	11	30	0	0
656	11	11	30	0	0
657	11	11	30	0	0
658	11	11	30	0	0
659	11	11	30	0	0
660	11	11	30	0	0
661	11	11	30	0	0
662	11	11	30	0	0
663	11	11	30	0	0
664	11	11	30	0	0
665	11	11	30	0	0
666	11	11	30	0	0
667	11	11	30	0	0
668	11	11	30	0	0
669	11	11	30	0	0
670	11	11	30	0	0
671	12	12	31	0	0
672	12	12	31	0	0
673	12	12	31	0	0
674	12	12	31	0	0
675	12	12	31	0	0
676	12	12	31	0	0
677	13	13	32	0	0
678	13	13	32	0	0
679	12	12	32	0	0
680	12	12	32	0	0
681	12	12	32	0	0
682	12	12	32	0	0
683	12	12	32	0	0
684	12	12	32	0	0
685	12	12	32	0	0
686	13	13	32	0	0
687	13	13	32	0	0
688	13	13	32	0	0
689	13	13	32	0	0
690	13	13	32	0	0
691	13	13	32	0	0
692	13	13	32	0	0
693	13	13	32	0	0
694	13	13	32	0	0
695	13	13	32	0	0
696	13	13	32	0	0
697	13	13	32	0	0
698	13	13	32	0	0
699	13	13	32	0	0
700	13	13	32	0	0
701	13	13	32	0	0
702	13	13	32	0	0
703	13	13	32	0	0
704	13	13	32	0	0
705	13	13	32	0	0
706	13	13	32	0	0
707	13	13	32	0	0
708	13	13	32	0	0
709	13	13	32	0	0
710	13	13	32	0	0
711	13	13	32	0	0
712	13	13	32	0	0
713	13	13	32	0	0
714	13	13	32	0	0
715	13	13	32	0	0
716	13	13	32	0	0
717	13	13	32	0	0
718	13	13	32	0	0
719	13	13	32	0	0
720	13	13	32	0	0
721	13	13	32	0	0
722	13	13	32	0	0
723	13	13	32	0	0
724	13	13	32	0	0
725	13	13	32	0	0
726	13	13	32	0	0
727	13	13	32	0	0
728	13	13	32	0	0
729	13	13	32	0	0
730	13	13	32	0	0
731	13	13	32	0	0
732	13	13	32	0	0
733	13	13	32	0	0
734	13	13	32	0	0
735	13	13	32	0	0
736	13	13	32	0	0
737	13	13	32	0	0
738	13	13	32	0	0
739	13	13	32	0	0
740	13	13	32	0	0
741	13	13	32	0	0
742	13	13	32	0	0
743	13	13	32	0	0
744	13	13	32	0	0
745	13	13	32	0	0
746	13	13	32	0	0
747	13	13	32	0	0
748	13	13	32	0	0
749	13	13	32	0	0
750	13	13	32	0	0
751	13	13	32	0	0
752	13	13	32	0	0
753	14	14	33	0	0
754	14	14	33	0	0
755	14	14	33	0	0
756	14	14	33	0	0
757	14	14	33	0	0
758	14	14	33	0	0
759	14	14	33	0	0
760	14	14	33	0	0
761	14	14	33	0	0
762	14	14	33	0	0
763	14	14	33	0	0
764	14	14	33	0	0
765	14	14	33	0	0
766	14	14	33	0	0
767	14	14	33	0	0
768	14	14	33	0	0
769	14	14	33	0	0
770	14	14	33	0	0
771	14	14	33	0	0
772	14	14	33	0	0
773	14	14	33	0	0
774	14	14	33	0	0
775	14	14	33	0	0
776	14	14	33	0	0
777	14	14	33	0	0
778	14	14	33	0	0
779	14	14	33	0	0
780	14	14	33	0	0
781	14	14	33	0	0
782	14	14	33	0	0
783	14	14	33	0	0
784	14	14	33	0	0
785	14	14	33	0	0
786	14	14	33	0	0
787	14	14	33	0	0
788	14	14	33	0	0
789	14	14	33	0	0
790	14	14	33	0	0
791	14	14	33	0	0
792	14	14	33	0	0
793	14	14	33	0	0
794	14	14	33	0	0
795	14	14	33	0	0
796	14	14	33	0	0
797	14	14	33	0	0
798	14	14	33	0	0
799	14	14	33	0	0
800	14	14	33	0	0
801	14	14	33	0	0
802	14	14	33	0	0
803	14	14	33	0	0
804	14	14	33	0	0
805	14	14	33	0	0
806	14	14	33	0	0
807	14	14	33	0	0
808	14	14	33	0	0
809	14	14	33	0	0
810	14	14	33	0	0
811	14	14	33	0	0
812	14	14	33	0	0
813	14	14	33	0	0
814	14	14	33	0	0
815	14	14	33	0	0
816	14	14	33	0	0
817	14	14	33	0	0
818	15	15	34	0	0
819	15	15	34	0	0
820	15	15	34	0	0
821	15	15	34	0	0
822	15	15	34	0	0
823	15	15	34	0	0
824	15	15	34	0	0
825	15	15	34	0	0
826	15	15	34	0	0
827	15	15	34	0	0
828	15	15	34	0	0
829	14	14	34	0	0
830	14	14	34	0	0
831	15	15	34	0	0
832	15	15	34	0	0
833	15	15	34	0	0
834	15	15	34	0	0
835	15	15	34	0	0
836	15	15	34	0	0
837	15	15	34	0	0
838	15	15	34	0	0
839	15	15	34	0	0
840	15	15	34	0	0
841	15	15	34	0	0
842	15	15	34	0	0
843	15	15	34	0	0
844	15	15	34	0	0
845	15	15	34	0	0
846	16	16	35	0	0
847	16	16	35	0	0
848	16	16	35	0	0
849	16	16	35	0	0
850	16	16	35	0	0
851	16	16	35	0	0
852	16	16	35	0	0
853	16	16	35	0	0
854	16	16	35	0	0
855	16	16	35	0	0
856	16	16	35	0	0
857	16	16	35	0	0
858	16	16	35	0	0
859	16	16	35	0	0
860	16	16	35	0	0
861	16	16	35	0	0
862	16	16	35	0	0
863	16	16	35	0	0
864	16	16	35	0	0
865	16	16	35	0	0
866	16	16	35	0	0
867	17	17	36	0	0
868	17	17	36	0	0
869	16	16	36	0	0
870	16	16	36	0	0
871	17	17	36	0	0
872	17	17	36	0	0
873	17	17	36	0	0
874	17	17	36	0	0
875	17	17	36	0	0
876	17	17	36	0	0
877	17	17	36	0	0
878	17	17	36	0	0
879	17	17	36	0	0
880	17	17	36	0	0
881	17	17	36	0	0
882	17	17	36	0	0
883	17	17	36	0	0
884	17	17	36	0	0
885	18	18	37	0	0
886	18	18	37	0	0
887	18	18	37	0	0
888	18	18	37	0	0
889	18	18	37	0	0
890	18	18	37	0	0
891	18	18	37	0	0
892	18	18	37	0	0
893	18	18	37	0	0
894	18	18	37	0	0
895	19	19	38	0	0
896	19	19	38	0	0
897	19	19	38	0	0
898	18	18	38	0	0
899	18	18	38	0	0
900	18	18	38	0	0
901	18	18	38	0	0
902	17	17	38	0	0
903	17	17	38	0	0
904	17	17	38	0	0
905	17	17	38	0	0
906	17	17	38	0	0
907	17	17	38	0	0
908	17	17	38	0	0
909	17	17	38	0	0
910	17	17	38	0	0
911	17	17	38	0	0
912	17	17	38	0	0
913	17	17	38	0	0
914	17	17	38	0	0
915	17	17	38	0	0
916	17	17	38	0	0
917	17	17	38	0	0
918	17	17	38	0	0
919	17	17	38	0	0
920	17	17	38	0	0
921	17	17	38	0	0
922	16	16	38	0	0
923	16	16	38	0	0
924	16	16	38	0	0
925	16	16	38	0	0
926	17	17	38	0	0
927	16	16	38	0	0
928	16	16	38	0	0
929	16	16	38	0	0
930	16	16	38	0	0
931	16	16	38	0	0
932	16	16	38	0	0
933	16	16	38	0	0
934	16	16	38	0	0
935	16	16	38	0	0
936	16	16	38	0	0
937	16	16	38	0	0
938	16	16	38	0	0
939	16	16	38	0	0
940	16	16	38	0	0
941	16	16	38	0	0
942	16	16	38	0	0
943	17	17	39	0	0
944	16	16	39	0	0
945	16	16	39	0	0
946	16	16	39	0	0
947	16	16	39	0	0
948	16	16	39	0	0
949	16	16	39	0	0
950	15	15	39	0	0
951	15	15	39	0	0
952	15	15	39	0	0
953	15	15	39	0	0
954	15	15	39	0	0
955	15	15	39	0	0
956	15	15	39	0	0
957	15	15	39	0	0
958	15	15	39	0	0
959	15	15	39	0	0
960	15	15	39	0	0
961	15	15	39	0	0
962	15	15	39	0	0
963	15	15	39	0	0
964	15	15	39	0	0
965	15	15	39	0	0
966	15	15	39	0	0
967	15	15	39	0	0
968	15	15	39	0	0
969	15	15	39	0	0
970	15	15	39	0	0
971	15	15	39	0	0
972	15	15	39	0	0
973	15	15	39	0	0
974	16	16	40	0	0
975	16	16	40	0	0
976	16	16	40	0	0
977	16	16	40	0	0
978	16	16	40	0	0
979	16	16	40	0	0
980	16	16	40	0	0
981	16	16	40	0	0
982	16	16	40	0	0
983	16	16	40	0	0
984	16	16	40	0	0
985	16	16	40	0	0
986	16	16	40	0	0
987	16	16	40	0	0
988	16	16	40	0	0
989	16	16	40	0	0
990	16	16	40	0	0
991	16	16	40	0	0
992	16	16	40	0	0
993	16	16	40	0	0
994	16	16	40	0	0
995	16	16	40	0	0
996	16	16	40	0	0
997	16	16	40	0	0
998	16	16	40	0	0
999	16	16	40	0	0
1000	16	16	40	0	0
1001	16	16	40	0	0
1002	16	16	40	0	0
1003	16	16	40	0	0
1004	16	16	40	0	0
1005	16	16	40	0	0
1006	16	16	40	0	0
1007	16	16	40	0	0
1008	16	16	40	0	0
1009	16	16	40	0	0
1010	16	16	40	0	0
1011	16	16	40	0	0
1012	16	16	40	0	0
1013	16	16	40	0	0
1014	16	16	40	0	0
1015	16	16	40	0	0
1016	16	16	40	0	0
1017	16	16	40	0	0
1018	16	16	40	0	0
1019	15	15	40	0	0
1020	15	15	40	0	0
1021	16	16	41	0	0
1022	16	16	41	0	0
1023	16	16	41	0	0
1024	16	16	41	0	0
1025	15	15	41	0	0
1026	15	15	41	0	0
1027	14	14	41	0	0
1028	14	14	41	0	0
1029	15	15	41	0	0
1030	15	15	41	0	0
1031	15	15	41	0	0
1032	16	16	41	0	0
1033	16	16	41	0	0
1034	16	16	41	0	0
1035	16	16	41	0	1
1036	16	16	41	0	1
1037	16	16	41	0	1
1038	16	16	41	0	1
1039	16	16	41	0	1
1040	16	16	41	0	1
1041	16	16	41	0	1
1042	16	16	41	0	1
1043	16	16	41	0	1
1044	16	16	41	0	1
1045	16	16	41	0	1
1046	16	16	41	0	1
1047	15	15	41	0	1
1048	16	16	42	0	1
1049	16	16	42	0	1
1050	16	16	42	0	1
1051	16	16	42	0	1
1052	16	16	42	0	1
1053	16	16	42	0	1
1054	16	16	42	0	1
1055	16	16	42	0	1
1056	16	16	42	0	1
1057	16	16	42	0	1
1058	16	16	42	0	1
1059	16	16	42	0	1
1060	16	16	42	0	1
1061	16	16	42	0	1
1062	16	16	42	0	1
1063	16	16	42	0	1
1064	16	16	42	0	1
1065	16	16	42	0	1
1066	14	14	42	0	1
1067	13	13	42	0	1
1068	13	13	42	0	1
1069	14	14	42	0	1
1070	14	14	42	0	1
1071	14	14	42	0	1
1072	13	13	42	0	1
1073	13	13	42	0	1
1074	14	14	42	0	1
1075	15	15	43	0	1
1076	15	15	43	0	1
1077	14	14	43	0	1
1078	14	14	43	0	1
1079	14	14	43	0	1
1080	14	14	43	0	1
1081	14	14	43	0	1
1082	14	14	43	0	1
1083	14	14	43	0	1
1084	14	14	43	0	1
1085	15	15	44	0	1
1086	15	15	44	0	1
1087	15	15	44	0	1
1088	15	15	44	0	1
1089	15	15	44	0	1
1090	15	15	44	0	1
1091	15	15	44	0	1
1092	15	15	44	0	1
1093	15	15	44	0	1
1094	15	15	44	0	1
1095	14	14	44	0	1
1096	14	14	44	0	1
1097	14	14	44	0	1
1098	14	14	44	0	1
1099	14	14	44	0	1
1100	14	14	44	0	1
1101	14	14	44	0	1
1102	14	14	44	0	1
1103	14	14	44	0	1
1104	15	15	45	0	1
1105	15	15	45	0	1
1106	15	15	45	0	1
1107	15	15	45	0	1
1108	15	15	45	0	1
1109	15	15	45	0	1
1110	16	16	46	0	1
1111	16	16	46	0	1
1112	16	16	46	0	1
1113	16	16	46	0	1
1114	15	15	46	0	1
1115	15	15	46	0	1
1116	15	15	46	0	1
1117	15	15	46	0	1
1118	15	15	46	0	1
1119	15	15	46	0	1
1120	15	15	46	0	1
1121	15	15	46	0	1
1122	14	14	46	0	1
1123	14	14	46	0	1
1124	14	14	46	0	1
1125	14	14	46	0	1
1126	15	15	46	0	1
1127	15	15	46	0	1
1128	15	15	46	0	1
1129	15	15	46	0	1
1130	15	15	46	0	1
1131	15	15	46	0	1
1132	14	14	46	0	1
1133	14	14	46	0	1
1134	14	14	46	0	1
1135	14	14	46	0	1
1136	14	14	46	0	1
1137	14	14	46	0	1
1138	14	14	46	0	1
1139	14	14	46	0	1
1140	14	14	46	0	1
1141	14	14	46	0	1
1142	14	14	46	0	1
1143	14	14	46	0	1
1144	14	14	46	0	1
1145	13	13	46	0	1
1146	13	13	46	0	1
1147	13	13	46	0	1
1148	13	13	46	0	1
1149	13	13	46	0	1
1150	13	13	46	0	1
1151	13	13	46	0	1
1152	13	13	46	0	1
1153	13	13	46	0	1
1154	13	13	46	0	1
1155	13	13	46	0	1
1156	13	13	46	0	1
1157	13	13	46	0	1
1158	13	13	46	0	1
1159	13	13	46	0	1
1160	13	13	46	0	1
1161	13	13	46	0	1
1162	13	13	46	0	1
1163	13	13	46	0	1
1164	13	13	46	0	1
1165	13	13	46	0	1
1166	13	13	46	0	1
1167	13	13	46	0	1
1168	13	13	46	0	1
1169	13	13	46	0	1
1170	13	13	46	0	1
1171	13	13	46	0	1
1172	13	13	46	0	1
1173	13	13	46	0	1
1174	13	13	46	0	1
1175	13	13	46	0	1
1176	13	13	46	0	1
1177	13	13	46	0	1
1178	13	13	46	0	1
1179	13	13	46	0	1
1180	13	13	46	0	1
1181	13	13	46	0	1
1182	13	13	46	0	1
1183	13	13	46	0	1
1184	13	13	46	0	1
1185	13	13	46	0	1
1186	13	13	46	0	1
1187	13	13	46	0	1
1188	13	13	46	0	1
1189	13	13	46	0	1
1190	13	13	46	0	1
1191	13	13	46	0	1
1192	13	13	46	0	1
1193	13	13	46	0	1
1194	13	13	46	0	1
1195	13	13	46	0	1
1196	13	13	46	0	1
1197	13	13	46	0	1
1198	13	13	46	0	1
1199	13	13	46	0	1
1200	13	13	46	0	1
1201	13	13	46	0	1
1202	13	13	46	0	1
1203	13	13	46	0	1
1204	13	13	46	0	1
1205	13	13	46	0	1
1206	13	13	46	0	1
1207	13	13	46	0	1
1208	13	13	46	0	1
1209	13	13	46	0	1
1210	13	13	46	0	1
1211	13	13	46	0	1
1212	13	13	46	0	1
1213	13	13	46	0	1
1214	13	13	46	0	1
1215	13	13	46	0	1
1216	13	13	46	0	1
1217	13	13	46	0	1
1218	13	13	46	0	1
1219	13	13	46	0	1
1220	13	13	46	0	1
1221	13	13	46	0	1
1222	13	13	46	0	1
1223	13	13	46	0	1
1224	13	13	46	0	1
1225	13	13	46	0	1
1226	13	13	46	0	1
1227	13	13	46	0	1
1228	13	13	46	0	1
1229	13	13	46	0	1
1230	13	13	46	0	1
1231	13	13	46	0	1
1232	13	13	46	0	1
1233	13	13	46	0	1
1234	13	13	46	0	1
1235	13	13	46	0	1
1236	13	13	46	0	1
1237	13	13	46	0	1
1238	13	13	46	0	1
1239	13	13	46	0	1
1240	13	13	46	0	1
1241	13	13	46	0	1
1242	13	13	46	0	1
1243	13	13	46	0	1
1244	13	13	46	0	1
1245	13	13	46	0	1
1246	13	13	46	0	1
1247	13	13	46	0	1
1248	14	14	47	0	1
1249	14	14	47	0	1
1250	14	14	47	0	1
1251	14	14	47	0	1
1252	14	14	47	0	1
1253	14	14	47	0	1
1254	14	14	47	0	1
1255	14	14	47	0	1
1256	14	14	47	0	1
1257	13	13	47	0	1
1258	13	13	47	0	1
1259	13	13	47	0	1
1260	13	13	47	0	1
1261	13	13	47	0	1
1262	13	13	47	0	1
1263	13	13	47	0	1
1264	13	13	47	0	1
1265	13	13	47	0	1
1266	13	13	47	0	1
1267	13	13	47	0	1
1268	13	13	47	0	1
1269	13	13	47	0	1
1270	13	13	47	0	1
1271	13	13	47	0	1
1272	13	13	47	0	1
1273	13	13	47	0	1
1274	13	13	47	0	1
1275	13	13	47	0	1
1276	13	13	47	0	1
1277	13	13	47	0	1
1278	13	13	47	0	1
1279	13	13	47	0	1
1280	13	13	47	0	1
1281	13	13	47	0	1
1282	13	13	47	0	1
1283	13	13	47	0	1
1284	13	13	47	0	1
1285	13	13	47	0	1
1286	13	13	47	0	1
1287	13	13	47	0	1
1288	13	13	47	0	1
1289	13	13	47	0	1
1290	13	13	47	0	1
1291	13	13	47	0	1
1292	13	13	47	0	1
1293	13	13	47	0	1
1294	13	13	47	0	1
1295	13	13	47	0	1
1296	13	13	47	0	1
1297	13	13	47	0	1
1298	13	13	47	0	1
1299	13	13	47	0	1
1300	13	13	47	0	1
1301	13	13	47	0	1
1302	13	13	47	0	1
1303	13	13	47	0	1
1304	13	13	47	0	1
1305	13	13	47	0	1
1306	13	13	47	0	1
1307	13	13	47	0	1
1308	13	13	47	0	1
1309	13	13	47	0	1
1310	13	13	47	0	1
1311	13	13	47	0	1
1312	13	13	47	0	1
1313	13	13	47	0	1
1314	13	13	47	0	1
1315	13	13	47	0	1
1316	13	13	47	0	1
1317	13	13	47	0	1
1318	13	13	47	0	1
1319	14	14	48	0	1
1320	14	14	48	0	1
1321	14	14	48	0	1
1322	14	14	48	0	1
1323	14	14	48	0	1
1324	14	14	48	0	1
1325	14	14	48	0	1
1326	14	14	48	0	1
1327	14	14	48	0	1
1328	14	14	48	0	1
1329	14	14	48	0	1
1330	14	14	48	0	1
1331	14	14	48	0	1
1332	14	14	48	0	1
1333	14	14	48	0	1
1334	14	14	48	0	1
1335	14	14	48	0	1
1336	14	14	48	0	1
1337	14	14	48	0	1
1338	14	14	48	0	1
1339	14	14	48	0	1
1340	14	14	48	0	1
1341	14	14	48	0	1
1342	14	14	48	0	1
1343	14	14	48	0	1
1344	14	14	48	0	1
1345	14	14	48	0	1
1346	14	14	48	0	1
1347	14	14	48	0	1
1348	14	14	48	0	1
1349	14	14	48	0	1
1350	14	14	48	0	1
1351	14	14	48	0	1
1352	14	14	48	0	1
1353	13	13	48	0	1
1354	14	14	48	0	1
1355	14	14	48	0	1
1356	14	14	48	0	1
1357	14	14	48	0	1
1358	14	14	48	0	1
1359	14	14	48	0	1
1360	14	14	48	0	1
1361	14	14	48	0	1
1362	14	14	48	0	1
1363	14	14	48	0	1
1364	14	14	48	0	1
1365	14	14	48	0	1
1366	14	14	48	0	1
1367	14	14	48	0	1
1368	14	14	48	0	1
1369	14	14	48	0	1
1370	14	14	48	0	1
1371	14	14	48	0	1
1372	14	14	48	0	1
1373	14	14	48	0	1
1374	14	14	48	0	1
1375	14	14	48	0	1
1376	14	14	48	0	1
1377	14	14	48	0	1
1378	14	14	48	0	1
1379	14	14	48	0	1
1380	14	14	48	0	1
1381	14	14	48	0	1
1382	14	14	48	0	1
1383	14	14	48	0	1
1384	14	14	48	0	1
1385	14	14	48	0	1
1386	14	14	48	0	1
1387	14	14	48	0	1
1388	14	14	48	0	1
1389	14	14	48	0	1
1390	14	14	48	0	1
1391	14	14	48	0	1
1392	14	14	48	0	1
1393	14	14	48	0	1
1394	14	14	48	0	1
1395	14	14	48	0	1
1396	14	14	48	0	1
1397	14	14	48	0	1
1398	14	14	48	0	1
1399	14	14	48	0	1
1400	14	14	48	0	1
1401	14	14	48	0	1
1402	14	14	48	0	1
1403	14	14	48	0	1
1404	15	15	49	0	1
1405	15	15	49	0	1
1406	15	15	49	0	1
1407	15	15	49	0	1
1408	15	15	49	0	1
1409	15	15	49	0	1
1410	15	15	49	0	1
1411	15	15	49	0	1
1412	15	15	49	0	1
1413	15	15	49	0	1
1414	15	15	49	0	1
1415	15	15	49	0	1
1416	15	15	49	0	1
1417	15	15	49	0	1
1418	15	15	49	0	1
1419	15	15	49	0	1
1420	15	15	49	0	1
1421	15	15	49	0	1
1422	15	15	49	0	1
1423	15	15	49	0	1
1424	15	15	49	0	1
1425	14	14	49	0	1
1426	13	13	49	0	1
1427	13	13	49	0	1
1428	13	13	49	0	1
1429	13	13	49	0	1
1430	13	13	49	0	1
1431	13	13	49	0	1
1432	13	13	49	0	1
1433	13	13	49	0	1
1434	13	13	49	0	1
1435	13	13	49	0	1
1436	13	13	49	0	1
1437	14	14	50	0	1
1438	14	14	50	0	1
1439	14	14	50	0	1
1440	14	14	50	0	1
1441	14	14	50	0	1
1442	14	14	50	0	1
1443	14	14	50	0	1
1444	14	14	50	0	1
1445	14	14	50	0	1
1446	14	14	50	0	1
1447	14	14	50	0	1
1448	14	14	50	0	1
1449	15	15	50	0	1
1450	15	15	50	0	1
1451	15	15	50	0	1
1452	15	15	50	0	1
1453	15	15	50	0	1
1454	14	14	50	0	1
1455	14	14	50	0	1
1456	14	14	50	0	1
1457	14	14	50	0	1
1458	14	14	50	0	1
1459	14	14	50	0	1
1460	14	14	50	0	1
1461	14	14	50	0	1
1462	14	14	50	0	1
1463	14	14	50	0	1
1464	15	15	50	0	1
1465	15	15	50	0	1
1466	15	15	50	0	1
1467	14	14	50	0	1
1468	14	14	50	0	1
1469	14	14	50	0	1
1470	14	14	50	0	1
1471	15	15	50	0	1
1472	15	15	50	0	1
1473	15	15	50	0	1
1474	15	15	50	0	1
1475	15	15	50	0	1
1476	15	15	50	0	1
1477	15	15	50	0	1
1478	15	15	50	0	1
1479	15	15	50	0	1
1480	15	15	50	0	1
1481	15	15	50	0	1
1482	15	15	50	0	1
1483	15	15	50	0	1
1484	15	15	50	0	1
1485	15	15	50	0	1
1486	15	15	50	0	1
1487	15	15	50	0	1
1488	15	15	50	0	1
1489	15	15	50	0	1
1490	15	15	50	0	1
1491	15	15	50	0	1
1492	15	15	50	0	1
1493	15	15	50	0	1
1494	15	15	50	0	1
1495	15	15	50	0	1
1496	15	15	50	0	1
1497	15	15	50	0	1
1498	15	15	50	0	1
1499	15	15	50	0	1
1500	15	15	50	0	1
1501	15	15	50	0	1
1502	14	14	50	0	1
1503	14	14	50	0	1
1504	14	14	50	0	1
1505	14	14	50	0	1
1506	14	14	50	0	1
1507	14	14	50	0	1
1508	14	14	50	0	1
1509	14	14	50	0	1
1510	15	15	51	0	1
1511	15	15	51	0	1
1512	15	15	51	0	1
1513	15	15	51	0	1
1514	16	16	53	0	1
1515	16	16	53	0	1
1516	16	16	53	0	1
1517	16	16	53	0	1
1518	16	16	53	0	1
1519	16	16	53	0	1
1520	16	16	53	0	1
1521	16	16	53	0	1
1522	17	17	54	0	1
1523	17	17	54	0	1
1524	16	16	54	0	1
1525	16	16	54	0	1
1526	16	16	54	0	1
1527	16	16	54	0	1
1528	16	16	54	0	1
1529	16	16	54	0	1
1530	15	15	54	0	1
1531	15	15	54	0	1
1532	15	15	54	0	1
1533	15	15	54	0	1
1534	15	15	54	0	1
1535	15	15	54	0	1
1536	15	15	54	0	1
1537	15	15	54	0	1
1538	15	15	54	0	1
1539	15	15	54	0	1
1540	15	15	54	0	1
1541	15	15	54	0	1
1542	14	14	54	0	1
1543	14	14	54	0	1
1544	14	14	54	0	1
1545	14	14	54	0	1
1546	13	13	54	0	1
1547	13	13	54	0	1
1548	13	13	54	0	1
1549	13	13	54	0	1
1550	13	13	54	0	1
1551	13	13	54	0	1
1552	13	13	54	0	1
1553	13	13	54	0	1
1554	14	14	54	0	1
1555	14	14	54	0	1
1556	14	14	54	0	1
1557	14	14	54	0	1
1558	14	14	54	0	1
1559	14	14	54	0	1
1560	14	14	54	0	1
1561	14	14	54	0	1
1562	14	14	54	0	1
1563	14	14	54	0	1
1564	14	14	54	0	1
1565	14	14	54	0	1
1566	14	14	54	0	1
1567	14	14	54	0	1
1568	14	14	54	0	1
1569	15	15	55	0	1
1570	15	15	55	0	1
1571	14	14	55	0	1
1572	15	15	55	0	1
1573	14	14	55	0	1
1574	14	14	55	0	1
1575	14	14	55	0	1
1576	14	14	55	0	1
1577	14	14	55	0	1
1578	14	14	55	0	1
1579	14	14	55	0	1
1580	14	14	55	0	1
1581	14	14	55	0	1
1582	14	14	55	0	1
1583	14	14	55	0	1
1584	15	15	55	0	1
1585	15	15	55	0	1
1586	15	15	55	0	1
1587	15	15	55	0	1
1588	15	15	55	0	1
1589	15	15	55	0	1
1590	14	14	55	0	1
1591	14	14	55	0	1
1592	14	14	55	0	1
1593	14	14	55	0	1
1594	14	14	55	0	1
1595	14	14	55	0	1
1596	15	15	55	0	1
1597	15	15	55	0	1
1598	15	15	55	0	1
1599	15	15	55	0	1
1600	15	15	55	0	1
1601	14	14	55	0	1
1602	14	14	55	0	1
1603	14	14	55	0	1
1604	14	14	55	0	1
1605	14	14	55	0	1
1606	14	14	55	0	1
1607	14	14	55	0	1
1608	14	14	55	0	1
1609	15	15	56	0	1
1610	15	15	56	0	1
1611	15	15	56	0	1
1612	15	15	56	0	1
1613	15	15	56	0	1
1614	14	14	56	0	1
1615	16	16	56	0	1
1616	16	16	56	0	1
1617	16	16	56	0	1
1618	15	15	56	0	1
1619	15	15	56	0	1
1620	15	15	56	0	1
1621	15	15	56	0	1
1622	15	15	56	0	1
1623	15	15	56	0	1
1624	15	15	56	0	1
1625	14	14	56	0	1
1626	14	14	56	0	1
1627	14	14	56	0	1
1628	14	14	56	0	1
1629	15	15	57	0	1
1630	14	14	57	0	1
1631	14	14	57	0	1
1632	14	14	57	0	1
1633	14	14	57	0	1
1634	13	13	57	0	1
1635	13	13	57	0	1
1636	13	13	57	0	1
1637	13	13	57	0	1
1638	13	13	57	0	1
1639	12	12	57	0	1
1640	12	12	57	0	1
1641	13	13	57	0	1
1642	12	12	57	0	1
1643	12	12	57	0	1
1644	12	12	57	0	1
1645	11	11	57	0	1
1646	10	10	57	0	1
1647	11	11	57	0	1
1648	11	11	57	0	1
1649	10	10	57	0	1
1650	10	10	57	0	1
1651	10	10	57	0	1
1652	10	10	57	0	1
1653	10	10	57	0	1
1654	11	11	58	0	1
1655	11	11	58	0	1
1656	11	11	58	0	1
1657	11	11	58	0	1
1658	13	13	59	0	1
1659	14	14	60	0	1
1660	14	14	60	0	1
1661	14	14	60	0	1
1662	14	14	60	0	1
1663	14	14	60	0	1
1664	14	14	60	0	1
1665	14	14	60	0	1
1666	15	15	60	0	1
1667	14	14	60	0	1
1668	14	14	60	0	1
1669	14	14	60	0	1
1670	14	14	60	0	1
1671	15	15	60	0	1
1672	16	16	61	0	1
1673	16	16	61	0	1
1674	16	16	61	0	1
1675	14	14	61	0	1
1676	14	14	61	0	1
1677	14	14	61	0	1
1678	15	15	62	0	1
1679	15	15	62	0	1
1680	15	15	62	0	1
1681	15	15	62	0	1
1682	15	15	62	0	1
1683	15	15	62	0	1
1684	15	15	62	0	1
1685	15	15	62	0	1
1686	15	15	62	0	1
1687	15	15	62	0	1
1688	15	15	62	0	1
1689	15	15	62	0	1
1690	15	15	62	0	1
1691	15	15	62	0	1
1692	15	15	62	0	1
1693	14	14	62	0	1
1694	14	14	62	0	1
1695	14	14	62	0	1
1696	14	14	62	0	1
1697	14	14	62	0	1
1698	14	14	62	0	1
1699	15	15	63	0	1
1700	15	15	63	0	1
1701	15	15	63	0	1
1702	15	15	63	0	1
1703	15	15	63	0	1
1704	14	14	63	0	1
1705	14	14	63	0	1
1706	14	14	63	0	1
1707	13	13	63	0	1
1708	13	13	63	0	1
1709	12	12	63	0	1
1710	13	13	63	0	1
1711	13	13	63	0	1
1712	14	14	63	0	1
1713	15	15	64	0	1
1714	15	15	64	0	1
1715	15	15	64	0	1
1716	15	15	64	0	1
1717	15	15	64	0	1
1718	15	15	64	0	1
1719	15	15	64	0	1
1720	13	13	64	0	1
1721	13	13	64	0	1
1722	13	13	64	0	1
1723	13	13	64	0	1
1724	13	13	64	0	1
1725	13	13	64	0	1
1726	14	14	65	0	1
1727	14	14	65	0	1
1728	14	14	65	0	1
1729	14	14	65	0	1
1730	14	14	65	0	1
1731	14	14	65	0	1
1732	14	14	65	0	1
1733	15	15	66	0	1
1734	15	15	66	0	1
1735	15	15	66	0	1
1736	15	15	66	0	1
1737	15	15	66	0	1
1738	14	14	66	0	1
1739	14	14	66	0	1
1740	14	14	66	0	1
1741	14	14	66	0	1
1742	14	14	66	0	1
1743	14	14	66	0	1
1744	14	14	66	0	1
1745	14	14	66	0	1
1746	14	14	66	0	1
1747	14	14	66	0	1
1748	14	14	66	0	1
1749	14	14	66	0	1
1750	14	14	66	0	1
1751	14	14	66	0	1
1752	14	14	66	0	1
1753	14	14	66	0	1
1754	14	14	66	0	1
1755	15	15	67	0	1
1756	14	14	67	0	1
1757	15	15	67	0	1
1758	15	15	67	0	1
1759	15	15	67	0	1
1760	15	15	67	0	1
1761	15	15	67	0	1
1762	14	14	67	0	1
1763	14	14	67	0	1
1764	14	14	67	0	1
1765	14	14	67	0	1
1766	14	14	67	0	1
1767	14	14	67	0	1
1768	14	14	67	0	1
1769	14	14	67	0	1
1770	14	14	67	0	1
1771	14	14	67	0	1
1772	14	14	67	0	1
1773	14	14	67	0	1
1774	14	14	67	0	1
1775	14	14	67	0	1
1776	13	13	67	0	1
1777	13	13	67	0	1
1778	13	13	67	0	1
1779	13	13	67	0	1
1780	13	13	67	0	1
1781	13	13	67	0	1
1782	13	13	67	0	1
1783	13	13	67	0	1
1784	13	13	67	0	1
1785	13	13	67	0	1
1786	13	13	67	0	1
1787	13	13	67	0	1
1788	13	13	67	0	1
1789	13	13	67	0	1
1790	13	13	67	0	1
1791	13	13	67	0	1
1792	13	13	67	0	1
1793	13	13	67	0	1
1794	13	13	67	0	1
1795	13	13	67	0	1
1796	13	13	67	0	1
1797	13	13	67	0	1
1798	13	13	67	0	1
1799	13	13	67	0	1
1800	13	13	67	0	1
1801	13	13	67	0	1
1802	14	14	68	0	1
1803	14	14	68	0	1
1804	14	14	68	0	1
1805	14	14	68	0	1
1806	14	14	68	0	1
1807	14	14	68	0	1
1808	14	14	68	0	1
1809	14	14	68	0	1
1810	14	14	68	0	1
1811	14	14	68	0	1
1812	14	14	68	0	1
1813	14	14	68	0	1
1814	14	14	68	0	1
1815	14	14	68	0	1
1816	14	14	68	0	1
1817	14	14	68	0	1
1818	14	14	68	0	1
1819	14	14	68	0	1
1820	14	14	68	0	1
1821	14	14	68	0	1
1822	14	14	68	0	1
1823	14	14	68	0	1
1824	14	14	68	0	1
1825	14	14	68	0	1
1826	14	14	68	0	1
1827	14	14	68	0	1
1828	14	14	68	0	1
1829	14	14	68	0	1
1830	14	14	68	0	1
1831	14	14	68	0	1
1832	14	14	68	0	1
1833	14	14	68	0	1
1834	14	14	68	0	1
1835	14	14	68	0	1
1836	14	14	68	0	1
1837	14	14	68	0	1
1838	14	14	68	0	1
1839	14	14	68	0	1
1840	14	14	68	0	1
1841	14	14	68	0	1
1842	14	14	68	0	1
1843	14	14	68	0	1
1844	14	14	68	0	1
1845	14	14	68	0	1
1846	14	14	68	0	1
1847	14	14	68	0	1
1848	12	12	68	0	1
1849	12	12	68	0	1
1850	12	12	68	0	1
1851	12	12	68	0	1
1852	12	12	68	0	1
1853	12	12	68	0	1
1854	12	12	68	0	1
1855	13	13	68	0	1
1856	13	13	68	0	1
1857	13	13	68	0	1
1858	13	13	68	0	1
1859	13	13	68	0	1
1860	13	13	68	0	1
1861	13	13	68	0	1
1862	13	13	68	0	1
1863	13	13	68	0	1
1864	13	13	68	0	1
1865	13	13	68	0	1
1866	13	13	68	0	1
1867	13	13	68	0	1
1868	14	14	68	0	1
1869	14	14	68	0	1
1870	14	14	68	0	1
1871	14	14	68	0	1
1872	14	14	68	0	1
1873	14	14	68	0	1
1874	14	14	68	0	1
1875	14	14	68	0	1
1876	14	14	68	0	1
1877	14	14	68	0	1
1878	14	14	68	0	1
1879	14	14	68	0	1
1880	14	14	68	0	1
1881	14	14	68	0	1
1882	14	14	68	0	1
1883	13	13	68	0	1
1884	13	13	68	0	1
1885	13	13	68	0	1
1886	13	13	68	0	1
1887	13	13	68	0	1
1888	13	13	68	0	1
1889	13	13	68	0	1
1890	13	13	68	0	1
1891	13	13	68	0	1
1892	13	13	68	0	1
1893	13	13	68	0	1
1894	13	13	68	0	1
1895	13	13	68	0	1
1896	13	13	68	0	1
1897	13	13	68	0	1
1898	13	13	68	0	1
1899	13	13	68	0	1
1900	13	13	68	0	1
1901	13	13	68	0	1
1902	13	13	68	0	1
1903	13	13	68	0	1
1904	13	13	68	0	1
1905	13	13	68	0	1
1906	13	13	68	0	1
1907	13	13	68	0	1
1908	13	13	68	0	1
1909	13	13	68	0	1
1910	13	13	68	0	1
1911	13	13	68	0	1
1912	14	14	69	0	1
1913	14	14	69	0	1
1914	14	14	69	0	1
1915	14	14	69	0	1
1916	14	14	69	0	1
1917	14	14	69	0	1
1918	14	14	69	0	1
1919	14	14	69	0	1
1920	14	14	69	0	1
1921	14	14	69	0	1
1922	14	14	69	0	1
1923	14	14	69	0	1
1924	14	14	69	0	1
1925	14	14	69	0	1
1926	14	14	69	0	1
1927	14	14	69	0	1
1928	14	14	69	0	1
1929	14	14	69	0	1
1930	14	14	69	0	1
1931	14	14	69	0	1
1932	14	14	69	0	1
1933	14	14	69	0	1
1934	14	14	69	0	1
1935	14	14	69	0	1
1936	14	14	69	0	1
1937	14	14	69	0	1
1938	14	14	69	0	1
1939	14	14	69	0	1
1940	14	14	69	0	1
1941	14	14	69	0	1
1942	14	14	69	0	1
1943	14	14	69	0	1
1944	14	14	69	0	1
1945	14	14	69	0	1
1946	14	14	69	0	1
1947	14	14	69	0	1
1948	14	14	69	0	1
1949	14	14	69	0	1
1950	14	14	69	0	1
1951	15	15	70	0	1
1952	15	15	70	0	1
1953	15	15	70	0	1
1954	15	15	70	0	1
1955	15	15	70	0	1
1956	15	15	70	0	1
1957	15	15	70	0	1
1958	15	15	70	0	1
1959	15	15	70	0	1
1960	15	15	70	0	1
1961	15	15	70	0	1
1962	15	15	70	0	1
1963	15	15	70	0	1
1964	15	15	70	0	1
1965	15	15	70	0	1
1966	15	15	70	0	1
1967	14	14	70	0	1
1968	14	14	70	0	1
1969	14	14	70	0	1
1970	15	15	70	0	1
1971	15	15	70	0	1
1972	15	15	70	0	1
1973	15	15	70	0	1
1974	15	15	70	0	1
1975	15	15	70	0	1
1976	15	15	70	0	1
1977	15	15	70	0	1
1978	15	15	70	0	1
1979	15	15	70	0	1
1980	15	15	70	0	1
1981	15	15	70	0	1
1982	15	15	70	0	1
1983	15	15	70	0	1
1984	15	15	70	0	1
1985	14	14	70	0	1
1986	15	15	70	0	1
1987	15	15	70	0	1
1988	15	15	70	0	1
1989	15	15	70	0	1
1990	15	15	70	0	1
1991	15	15	70	0	1
1992	15	15	70	0	1
1993	14	14	70	0	1
1994	15	15	70	0	1
1995	15	15	70	0	1
1996	14	14	70	0	1
1997	14	14	70	0	1
1998	14	14	70	0	1
1999	14	14	70	0	1
2000	15	15	70	0	1
2001	15	15	70	0	1
2002	16	16	71	0	1
2003	16	16	71	0	1
2004	14	14	71	0	1
2005	14	14	71	0	1
2006	14	14	71	0	1
2007	15	15	71	0	1
2008	15	15	71	0	1
2009	15	15	71	0	1
2010	15	15	71	0	1
2011	15	15	71	0	1
2012	15	15	71	0	1
2013	15	15	71	0	1
2014	15	15	71	0	1
2015	15	15	71	0	1
2016	15	15	71	0	1
2017	15	15	71	0	1
2018	14	14	71	0	1
2019	14	14	71	0	1
2020	14	14	71	0	1
2021	14	14	71	0	1
2022	14	14	71	0	1
2023	14	14	71	0	1
2024	14	14	71	0	1
2025	14	14	71	0	1
2026	14	14	71	0	1
2027	14	14	71	0	1
2028	14	14	71	0	1
2029	14	14	71	0	1
2030	14	14	71	0	1
2031	14	14	71	0	1
2032	14	14	71	0	1
2033	14	14	71	0	1
2034	14	14	71	0	1
2035	14	14	71	0	1
2036	14	14	71	0	1
2037	14	14	71	0	1
2038	14	14	71	0	1
2039	14	14	71	0	1
2040	14	14	71	0	1
2041	14	14	71	0	1
2042	14	14	71	0	1
2043	14	14	71	0	1
2044	14	14	71	0	1
2045	14	14	71	0	1
2046	14	14	71	0	1
2047	14	14	71	0	1
2048	13	13	71	0	1
2049	13	13	71	0	1
2050	13	13	71	0	1
2051	13	13	71	0	1
2052	13	13	71	0	1
2053	13	13	71	0	1
2054	13	13	71	0	1
2055	13	13	71	0	1
2056	14	14	71	0	1
2057	14	14	71	0	1
2058	14	14	71	0	1
2059	13	13	71	0	1
2060	14	14	71	0	1
2061	14	14	71	0	1
2062	13	13	71	0	1
2063	13	13	71	0	1
2064	13	13	71	0	1
2065	13	13	71	0	1
2066	14	14	71	0	1
2067	13	13	71	0	1
2068	13	13	71	0	1
2069	14	14	71	0	1
2070	13	13	71	0	1
2071	13	13	71	0	1
2072	13	13	71	0	1
2073	14	14	72	0	1
2074	15	15	72	0	1
2075	15	15	72	0	1
2076	15	15	72	0	1
2077	15	15	72	0	1
2078	15	15	72	0	1
2079	15	15	72	0	1
2080	15	15	72	0	1
2081	15	15	72	0	1
2082	15	15	72	0	1
2083	15	15	72	0	1
2084	15	15	72	0	1
2085	15	15	72	0	1
2086	15	15	72	0	1
2087	15	15	72	0	1
2088	15	15	72	0	1
2089	15	15	72	0	1
2090	15	15	72	0	1
2091	14	14	72	0	1
2092	14	14	72	0	1
2093	14	14	72	0	1
2094	14	14	72	0	1
2095	14	14	72	0	1
2096	14	14	72	0	1
2097	14	14	72	0	1
2098	14	14	72	0	1
2099	14	14	72	0	1
2100	15	15	72	0	1
2101	14	14	72	0	1
2102	14	14	72	0	1
2103	14	14	72	0	1
2104	14	14	72	0	1
2105	14	14	72	0	1
2106	14	14	72	0	1
2107	14	14	72	0	1
2108	14	14	72	0	1
2109	14	14	72	0	1
2110	14	14	72	0	1
2111	14	14	72	0	1
2112	14	14	72	0	1
2113	14	14	72	0	1
2114	14	14	72	0	1
2115	14	14	72	0	1
2116	14	14	72	0	1
2117	14	14	72	0	1
2118	14	14	72	0	1
2119	14	14	72	0	1
2120	14	14	72	0	1
2121	14	14	72	0	1
2122	14	14	72	0	1
2123	13	13	72	0	1
2124	13	13	72	0	1
2125	13	13	72	0	1
2126	13	13	72	0	1
2127	13	13	72	0	1
2128	13	13	72	0	1
2129	13	13	72	0	1
2130	13	13	72	0	1
2131	13	13	72	0	1
2132	12	12	72	0	1
2133	12	12	72	0	1
2134	12	12	72	0	1
2135	12	12	72	0	1
2136	12	12	72	0	1
2137	13	13	73	0	1
2138	13	13	73	0	1
2139	13	13	73	0	1
2140	13	13	73	0	1
2141	13	13	73	0	1
2142	13	13	73	0	1
2143	13	13	73	0	1
2144	13	13	73	0	1
2145	13	13	73	0	1
2146	13	13	73	0	1
2147	13	13	73	0	1
2148	12	12	73	0	1
2149	12	12	73	0	1
2150	12	12	73	0	1
2151	12	12	73	0	1
2152	12	12	73	0	1
2153	12	12	73	0	1
2154	12	12	73	0	1
2155	12	12	73	0	1
2156	12	12	73	0	1
2157	12	12	73	0	1
2158	12	12	73	0	1
2159	12	12	73	0	1
2160	12	12	73	0	1
2161	12	12	73	0	1
2162	12	12	73	0	1
2163	12	12	73	0	1
2164	12	12	73	0	1
2165	12	12	73	0	1
2166	12	12	73	0	1
2167	12	12	73	0	1
2168	12	12	73	0	1
2169	12	12	73	0	1
2170	12	12	73	0	1
2171	12	12	73	0	1
2172	12	12	73	0	1
2173	12	12	73	0	1
2174	12	12	73	0	1
2175	12	12	73	0	1
2176	12	12	73	0	1
2177	12	12	73	0	1
2178	12	12	73	0	1
2179	12	12	73	0	1
2180	12	12	73	0	1
2181	12	12	73	0	1
2182	12	12	73	0	1
2183	12	12	73	0	1
2184	12	12	73	0	1
2185	12	12	73	0	1
2186	12	12	73	0	1
2187	12	12	73	0	1
2188	12	12	73	0	1
2189	12	12	73	0	1
2190	12	12	73	0	1
2191	12	12	73	0	1
2192	12	12	73	0	1
2193	12	12	73	0	1
2194	12	12	73	0	1
2195	12	12	73	0	1
2196	12	12	73	0	1
2197	13	13	74	0	1
2198	13	13	74	0	1
2199	13	13	74	0	1
2200	13	13	74	0	1
2201	13	13	74	0	1
2202	13	13	74	0	1
2203	14	14	75	0	1
2204	14	14	75	0	1
2205	14	14	75	0	1
2206	14	14	75	0	1
2207	14	14	75	0	1
2208	14	14	75	0	1
2209	14	14	75	0	1
2210	14	14	75	0	1
2211	14	14	75	0	1
2212	14	14	75	0	1
2213	14	14	75	0	1
2214	14	14	75	0	1
2215	14	14	75	0	1
2216	14	14	75	0	1
2217	14	14	75	0	1
2218	14	14	75	0	1
2219	14	14	75	0	1
2220	14	14	75	0	1
2221	14	14	75	0	1
2222	14	14	75	0	1
2223	14	14	75	0	1
2224	14	14	75	0	1
2225	14	14	75	0	1
2226	14	14	75	0	1
2227	14	14	75	0	1
2228	13	13	75	0	1
2229	13	13	75	0	1
2230	13	13	75	0	1
2231	13	13	75	0	1
2232	13	13	75	0	1
2233	13	13	75	0	1
2234	13	13	75	0	1
2235	13	13	75	0	1
2236	13	13	75	0	1
2237	13	13	75	0	1
2238	13	13	75	0	1
2239	13	13	75	0	1
2240	13	13	75	0	1
2241	13	13	75	0	1
2242	13	13	75	0	1
2243	13	13	75	0	1
2244	13	13	75	0	1
2245	14	14	76	0	1
2246	14	14	76	0	1
2247	15	15	77	0	1
2248	15	15	77	0	1
2249	15	15	77	0	1
2250	14	14	77	0	1
2251	14	14	77	0	1
2252	14	14	77	0	1
2253	14	14	77	0	1
2254	14	14	77	0	1
2255	14	14	77	0	1
2256	14	14	77	0	1
2257	13	13	77	0	1
2258	13	13	77	0	1
2259	13	13	77	0	1
2260	13	13	77	0	1
2261	13	13	77	0	1
2262	12	12	77	0	1
2263	12	12	77	0	1
2264	12	12	77	0	1
2265	12	12	77	0	1
2266	12	12	77	0	1
2267	12	12	77	0	1
2268	12	12	77	0	1
2269	12	12	77	0	1
2270	12	12	77	0	1
2271	12	12	77	0	1
2272	12	12	77	0	1
2273	12	12	77	0	1
2274	12	12	77	0	1
2275	12	12	77	0	1
2276	12	12	77	0	1
2277	13	13	78	0	1
2278	13	13	78	0	1
2279	13	13	78	0	1
2280	13	13	78	0	1
2281	13	13	78	0	1
2282	13	13	78	0	1
2283	12	12	78	0	1
2284	13	13	78	0	1
2285	11	11	78	0	1
2286	11	11	78	0	1
2287	11	11	78	0	1
2288	11	11	78	0	1
2289	11	11	78	0	1
2290	11	11	78	0	1
2291	10	10	78	0	1
2292	10	10	78	0	1
2293	10	10	78	0	1
2294	10	10	78	0	1
2295	10	10	78	0	1
2296	11	11	78	0	1
2297	11	11	78	0	1
2298	11	11	78	0	1
2299	11	11	78	0	1
2300	10	10	78	0	1
2301	10	10	78	0	1
2302	10	10	78	0	1
2303	10	10	78	0	1
2304	10	10	78	0	1
2305	11	11	78	0	1
2306	11	11	78	0	1
2307	11	11	78	0	1
2308	11	11	78	0	1
2309	11	11	78	0	1
2310	10	10	78	0	1
2311	10	10	78	0	1
2312	11	11	78	0	1
2313	10	10	78	0	1
2314	10	10	78	0	1
2315	10	10	78	0	1
2316	10	10	78	0	1
2317	11	11	78	0	1
2318	10	10	78	0	1
2319	10	10	78	0	1
2320	10	10	78	0	1
2321	10	10	78	0	1
2322	10	10	78	0	1
2323	10	10	78	0	1
2324	10	10	78	0	1
2325	11	11	79	0	1
2326	11	11	79	0	1
2327	11	11	79	0	1
2328	11	11	79	0	1
2329	11	11	79	0	1
2330	11	11	79	0	1
2331	11	11	79	0	1
2332	11	11	79	0	1
2333	11	11	79	0	1
2334	11	11	79	0	1
2335	11	11	79	0	1
2336	11	11	79	0	1
2337	11	11	79	0	1
2338	11	11	79	0	1
2339	11	11	79	0	1
2340	11	11	79	0	1
2341	11	11	79	0	1
2342	11	11	79	0	1
2343	12	12	80	0	1
2344	11	11	80	0	1
2345	11	11	80	0	1
2346	11	11	80	0	1
2347	11	11	80	0	1
2348	11	11	80	0	1
2349	11	11	80	0	1
2350	11	11	80	0	1
2351	11	11	80	0	1
2352	11	11	80	0	1
2353	11	11	80	0	1
2354	11	11	80	0	1
2355	11	11	80	0	1
2356	11	11	80	0	1
2357	11	11	80	0	1
2358	12	12	81	0	1
2359	12	12	81	0	1
2360	11	11	81	0	1
2361	11	11	81	0	1
2362	11	11	81	0	1
2363	11	11	81	0	1
2364	11	11	81	0	1
2365	11	11	81	0	1
2366	11	11	81	0	1
2367	11	11	81	0	1
2368	11	11	81	0	1
2369	11	11	81	0	1
2370	11	11	81	0	1
2371	11	11	81	0	1
2372	11	11	81	0	1
2373	11	11	81	0	1
2374	11	11	81	0	1
2375	11	11	81	0	1
2376	11	11	81	0	1
2377	11	11	81	0	1
2378	11	11	81	0	1
2379	11	11	81	0	1
2380	11	11	81	0	1
2381	11	11	81	0	1
2382	11	11	81	0	1
2383	11	11	81	0	1
2384	11	11	81	0	1
2385	11	11	81	0	1
2386	11	11	81	0	1
2387	11	11	81	0	1
2388	11	11	81	0	1
2389	11	11	81	0	1
2390	11	11	81	0	1
2391	11	11	81	0	1
2392	11	11	81	0	1
2393	11	11	81	0	1
2394	11	11	81	0	1
2395	11	11	81	0	1
2396	11	11	81	0	1
2397	11	11	81	0	1
2398	11	11	81	0	1
2399	11	11	81	0	1
2400	11	11	81	0	1
2401	11	11	81	0	1
2402	11	11	81	0	1
2403	11	11	81	0	1
2404	11	11	81	0	1
2405	12	12	82	0	1
2406	13	13	83	0	1
2407	13	13	83	0	1
2408	13	13	83	0	1
2409	13	13	83	0	1
2410	13	13	83	0	1
2411	13	13	83	0	1
2412	13	13	83	0	1
2413	13	13	83	0	1
2414	12	12	83	0	1
2415	12	12	83	0	1
2416	12	12	83	0	1
2417	12	12	83	0	1
2418	12	12	83	0	1
2419	12	12	83	0	1
2420	12	12	83	0	1
2421	13	13	83	0	1
2422	13	13	83	0	1
2423	13	13	83	0	1
2424	12	12	83	0	1
2425	12	12	83	0	1
2426	12	12	83	0	1
2427	12	12	83	0	1
2428	12	12	83	0	1
2429	12	12	83	0	1
2430	11	11	83	0	1
2431	12	12	83	0	1
2432	11	11	83	0	1
2433	12	12	83	0	1
2434	12	12	83	0	1
2435	12	12	83	0	1
2436	12	12	83	0	1
2437	12	12	83	0	1
2438	12	12	83	0	1
2439	11	11	83	0	1
2440	12	12	83	0	1
2441	11	11	83	0	1
2442	10	10	83	0	1
2443	10	10	83	0	1
2444	10	10	83	0	1
2445	9	9	83	0	1
2446	9	9	83	0	1
2447	10	10	83	0	1
2448	10	10	83	0	1
2449	10	10	83	0	1
2450	10	10	83	0	1
2451	10	10	83	0	1
2452	10	10	83	0	1
2453	10	10	83	0	1
2454	10	10	83	0	1
2455	10	10	83	0	1
2456	9	9	83	0	1
2457	11	11	84	0	1
2458	11	11	84	0	1
2459	11	11	84	0	1
2460	11	11	84	0	1
2461	11	11	84	0	1
2462	11	11	84	0	1
2463	12	12	84	0	1
2464	12	12	84	0	1
2465	12	12	84	0	1
2466	12	12	84	0	1
2467	12	12	84	0	1
2468	12	12	84	0	1
2469	12	12	84	0	1
2470	12	12	84	0	1
2471	12	12	84	0	1
2472	12	12	84	0	1
2473	12	12	84	0	1
2474	12	12	84	0	1
2475	12	12	84	0	1
2476	12	12	84	0	1
2477	12	12	84	0	1
2478	12	12	84	0	1
2479	12	12	84	0	1
2480	12	12	84	0	1
2481	12	12	84	0	1
2482	11	11	84	0	1
2483	10	10	84	0	1
2484	11	11	84	0	1
2485	10	10	84	0	1
2486	10	10	84	0	1
2487	10	10	84	0	1
2488	10	10	84	0	1
2489	11	11	84	0	1
2490	11	11	84	0	1
2491	11	11	84	0	1
2492	11	11	84	0	1
2493	10	10	84	0	1
2494	10	10	84	0	1
2495	10	10	84	0	1
2496	10	10	84	0	1
2497	10	10	84	0	1
2498	11	11	85	0	1
2499	11	11	85	0	1
2500	11	11	85	0	1
2501	12	12	86	0	1
2502	12	12	86	0	1
2503	12	12	86	0	1
2504	12	12	86	0	1
2505	12	12	86	0	1
2506	12	12	86	0	1
2507	12	12	86	0	1
2508	12	12	86	0	1
2509	12	12	86	0	1
2510	11	11	86	0	1
2511	11	11	86	0	1
2512	11	11	86	0	1
2513	11	11	86	0	1
2514	11	11	86	0	1
2515	11	11	86	0	1
2516	11	11	86	0	1
2517	11	11	86	0	1
2518	11	11	86	0	1
2519	11	11	86	0	1
2520	11	11	86	0	1
2521	11	11	86	0	1
2522	11	11	86	0	1
2523	11	11	86	0	1
2524	11	11	86	0	1
2525	11	11	86	0	1
2526	12	12	86	0	1
2527	12	12	86	0	1
2528	12	12	86	0	1
2529	12	12	86	0	1
2530	12	12	86	0	1
2531	12	12	86	0	1
2532	12	12	86	0	1
2533	12	12	86	0	1
2534	12	12	86	0	1
2535	12	12	86	0	1
2536	12	12	86	0	1
2537	12	12	86	0	1
2538	12	12	86	0	1
2539	12	12	86	0	1
2540	12	12	86	0	1
2541	12	12	86	0	1
2542	12	12	86	0	1
2543	12	12	86	0	1
2544	12	12	86	0	1
2545	12	12	86	0	1
2546	12	12	86	0	1
2547	11	11	86	0	1
2548	11	11	86	0	1
2549	11	11	86	0	1
2550	11	11	86	0	1
2551	11	11	86	0	1
2552	11	11	86	0	1
2553	11	11	86	0	1
2554	11	11	86	0	1
2555	11	11	86	0	1
2556	11	11	86	0	1
2557	11	11	86	0	1
2558	11	11	86	0	1
2559	12	12	87	0	1
2560	12	12	87	0	1
2561	12	12	87	0	1
2562	12	12	87	0	1
2563	12	12	87	0	1
2564	12	12	87	0	1
2565	12	12	87	0	1
2566	12	12	87	0	1
2567	12	12	87	0	1
2568	12	12	87	0	1
2569	12	12	87	0	1
2570	11	11	87	0	1
2571	11	11	87	0	1
2572	11	11	87	0	1
2573	11	11	87	0	1
2574	12	12	87	0	1
2575	12	12	87	0	1
2576	12	12	87	0	1
2577	12	12	87	0	1
2578	12	12	87	0	1
2579	12	12	87	0	1
2580	11	11	87	0	1
2581	11	11	87	0	1
2582	12	12	87	0	1
2583	11	11	87	0	1
2584	12	12	87	0	1
2585	12	12	87	0	1
2586	12	12	87	0	1
2587	12	12	87	0	1
2588	12	12	87	0	1
2589	12	12	87	0	1
2590	12	12	87	0	1
2591	12	12	87	0	1
2592	12	12	87	0	1
2593	12	12	87	0	1
2594	12	12	87	0	1
2595	12	12	87	0	1
2596	12	12	87	0	1
2597	12	12	87	0	1
2598	12	12	87	0	1
2599	12	12	87	0	1
2600	12	12	87	0	1
2601	12	12	87	0	1
2602	12	12	87	0	1
2603	12	12	87	0	1
2604	12	12	87	0	1
2605	12	12	87	0	1
2606	12	12	87	0	1
2607	12	12	87	0	1
2608	12	12	87	0	1
2609	11	11	87	0	1
2610	12	12	87	0	1
2611	12	12	87	0	1
2612	12	12	87	0	1
2613	12	12	87	0	1
2614	12	12	87	0	1
2615	12	12	87	0	1
2616	12	12	87	0	1
2617	12	12	87	0	1
2618	12	12	87	0	1
2619	12	12	87	0	1
2620	11	11	87	0	1
2621	12	12	87	0	1
2622	13	13	88	0	1
2623	13	13	88	0	1
2624	13	13	88	0	1
2625	13	13	88	0	1
2626	13	13	88	0	1
2627	13	13	88	0	1
2628	13	13	88	0	1
2629	13	13	88	0	1
2630	13	13	88	0	1
2631	13	13	88	0	1
2632	13	13	88	0	1
2633	13	13	88	0	1
2634	13	13	88	0	1
2635	13	13	88	0	1
2636	12	12	88	0	1
2637	13	13	88	0	1
2638	12	12	88	0	1
2639	13	13	88	0	1
2640	13	13	88	0	1
2641	12	12	88	0	1
2642	12	12	88	0	1
2643	12	12	88	0	1
2644	12	12	88	0	1
2645	13	13	88	0	1
2646	12	12	88	0	1
2647	12	12	88	0	1
2648	12	12	88	0	1
2649	12	12	88	0	1
2650	12	12	88	0	1
2651	12	12	88	0	1
2652	12	12	88	0	1
2653	12	12	88	0	1
2654	12	12	88	0	1
2655	12	12	88	0	1
2656	12	12	88	0	1
2657	12	12	88	0	1
2658	12	12	88	0	1
2659	12	12	88	0	1
2660	13	13	88	0	1
2661	12	12	88	0	1
2662	12	12	88	0	1
2663	12	12	88	0	1
2664	12	12	88	0	1
2665	13	13	88	0	1
2666	13	13	88	0	1
2667	12	12	88	0	1
2668	12	12	88	0	1
2669	12	12	88	0	1
2670	12	12	88	0	1
2671	12	12	88	0	1
2672	12	12	88	0	1
2673	12	12	88	0	1
2674	12	12	88	0	1
2675	12	12	88	0	1
2676	13	13	88	0	1
2677	13	13	88	0	1
2678	13	13	88	0	1
2679	13	13	88	0	1
2680	12	12	88	0	1
2681	12	12	88	0	1
2682	12	12	88	0	1
2683	12	12	88	0	1
2684	12	12	88	0	1
2685	12	12	88	0	1
2686	12	12	88	0	1
2687	12	12	88	0	1
2688	12	12	88	0	1
2689	13	13	88	0	1
2690	13	13	88	0	1
2691	13	13	88	0	1
2692	12	12	88	0	1
2693	12	12	88	0	1
2694	12	12	88	0	1
2695	12	12	88	0	1
2696	12	12	88	0	1
2697	12	12	88	0	1
2698	12	12	88	0	1
2699	12	12	88	0	1
2700	12	12	88	0	1
2701	12	12	89	0	1
2702	12	12	89	0	1
2703	12	12	89	0	1
2704	13	13	90	0	1
2705	13	13	90	0	1
2706	13	13	90	0	1
2707	13	13	90	0	1
2708	13	13	90	0	1
2709	13	13	90	0	1
2710	13	13	90	0	1
2711	13	13	90	0	1
2712	13	13	90	0	1
2713	13	13	90	0	1
2714	14	14	90	0	1
2715	14	14	90	0	1
2716	14	14	90	0	1
2717	14	14	90	0	1
2718	14	14	90	0	1
2719	14	14	90	0	1
2720	13	13	90	0	1
2721	14	14	90	0	1
2722	14	14	90	0	1
2723	14	14	90	0	1
2724	14	14	90	0	1
2725	14	14	90	0	1
2726	14	14	90	0	1
2727	14	14	90	0	1
2728	14	14	90	0	1
2729	14	14	90	0	1
2730	14	14	90	0	1
2731	14	14	90	0	1
2732	14	14	90	0	1
2733	14	14	90	0	1
2734	14	14	90	0	1
2735	14	14	90	0	1
2736	14	14	90	0	1
2737	14	14	90	0	1
2738	14	14	90	0	1
2739	14	14	90	0	1
2740	14	14	90	0	1
2741	14	14	90	0	1
2742	14	14	90	0	1
2743	14	14	90	0	1
2744	14	14	90	0	1
2745	14	14	90	0	1
2746	14	14	90	0	1
2747	14	14	90	0	1
2748	13	13	90	0	1
2749	13	13	90	0	1
2750	13	13	90	0	1
2751	13	13	90	0	1
2752	12	12	90	0	1
2753	12	12	90	0	1
2754	12	12	90	0	1
2755	12	12	90	0	1
2756	12	12	90	0	1
2757	12	12	90	0	1
2758	12	12	90	0	1
2759	12	12	90	0	1
2760	12	12	90	0	1
2761	12	12	90	0	1
2762	12	12	90	0	1
2763	12	12	90	0	1
2764	12	12	90	0	1
2765	12	12	90	0	1
2766	12	12	90	0	1
2767	12	12	90	0	1
2768	13	13	91	0	1
2769	13	13	91	0	1
2770	13	13	91	0	1
2771	13	13	91	0	1
2772	13	13	91	0	1
2773	13	13	91	0	1
2774	13	13	91	0	1
2775	13	13	91	0	1
2776	13	13	91	0	1
2777	13	13	91	0	1
2778	14	14	91	0	1
2779	14	14	91	0	1
2780	14	14	91	0	1
2781	14	14	91	0	1
2782	14	14	91	0	1
2783	14	14	91	0	1
2784	14	14	91	0	1
2785	15	15	92	0	1
2786	15	15	92	0	1
2787	15	15	92	0	1
2788	15	15	92	0	1
2789	15	15	92	0	1
2790	15	15	92	0	1
2791	15	15	92	0	1
2792	14	14	92	0	1
2793	14	14	92	0	1
2794	15	15	93	0	1
2795	17	17	94	0	1
2796	17	17	94	0	1
2797	17	17	94	0	1
2798	16	16	94	0	1
2799	16	16	94	0	1
2800	16	16	94	0	1
2801	16	16	94	0	1
2802	16	16	94	0	1
2803	16	16	94	0	1
2804	16	16	94	0	1
2805	16	16	94	0	1
2806	16	16	94	0	1
2807	14	14	94	0	1
2808	14	14	94	0	1
2809	15	15	94	0	1
2810	15	15	94	0	1
2811	15	15	94	0	1
2812	14	14	94	0	1
2813	15	15	94	0	1
2814	15	15	94	0	1
2815	15	15	94	0	1
2816	15	15	94	0	1
2817	15	15	94	0	1
2818	15	15	94	0	1
2819	14	14	94	0	1
2820	14	14	94	0	1
2821	13	13	94	0	1
2822	12	12	94	0	1
2823	12	12	94	0	1
2824	12	12	94	0	1
2825	12	12	94	0	1
2826	12	12	94	0	1
2827	12	12	94	0	1
2828	12	12	95	0	1
2829	12	12	95	0	1
2830	12	12	95	0	1
2831	12	12	95	0	1
2832	12	12	95	0	1
2833	12	12	95	0	1
2834	12	12	95	0	1
2835	12	12	95	0	1
2836	12	12	95	0	1
2837	12	12	95	0	1
2838	11	11	95	0	1
2839	12	12	95	0	1
2840	12	12	95	0	1
2841	13	13	96	0	1
2842	13	13	96	0	1
2843	13	13	96	0	1
2844	13	13	96	0	1
2845	13	13	96	0	1
2846	13	13	96	0	1
2847	13	13	96	0	1
2848	13	13	96	0	1
2849	15	15	97	0	1
2850	16	16	98	0	1
2851	14	14	98	0	1
2852	13	13	98	0	1
2853	13	13	98	0	1
2854	13	13	98	0	1
2855	13	13	98	0	1
2856	13	13	98	0	1
2857	12	12	98	0	1
2858	12	12	98	0	1
2859	12	12	98	0	1
2860	12	12	98	0	1
2861	12	12	98	0	1
2862	12	12	98	0	1
2863	12	12	98	0	1
2864	12	12	98	0	1
2865	12	12	98	0	1
2866	12	12	98	0	1
2867	12	12	98	0	1
2868	13	13	99	0	1
2869	12	12	99	0	1
2870	12	12	100	0	1
2871	12	12	100	0	1
2872	12	12	100	0	1
2873	12	12	100	0	1
2874	12	12	100	0	1
2875	13	13	101	0	1
2876	13	13	101	0	1
2877	13	13	101	0	1
2878	13	13	101	0	1
2879	14	14	102	0	1
2880	14	14	102	0	1
2881	14	14	102	0	1
2882	14	14	102	0	1
2883	15	15	102	0	1
2884	15	15	102	0	1
2885	15	15	102	0	1
2886	16	16	103	0	1
2887	16	16	103	0	1
2888	16	16	103	0	1
2889	16	16	103	0	1
2890	16	16	103	0	1
2891	16	16	103	0	1
2892	16	16	103	0	1
2893	15	15	103	0	1
2894	15	15	103	0	1
2895	16	16	103	0	1
2896	15	15	103	0	1
2897	14	14	104	0	1
2898	14	14	104	0	1
2899	14	14	104	0	1
2900	14	14	104	0	1
2901	14	14	104	0	1
2902	14	14	104	0	1
2903	14	14	104	0	1
2904	14	14	104	0	1
2905	14	14	104	0	1
2906	14	14	104	0	1
2907	15	15	105	0	1
2908	15	15	105	0	1
2909	15	15	105	0	1
2910	15	15	105	0	1
2911	15	15	105	0	1
2912	15	15	105	0	1
2913	15	15	105	0	1
2914	15	15	105	0	1
2915	14	14	105	0	1
2916	14	14	105	0	1
2917	14	14	105	0	1
2918	14	14	105	0	1
2919	14	14	105	0	1
2920	14	14	105	0	1
2921	14	14	105	0	1
2922	14	14	105	0	1
2923	14	14	105	0	1
2924	14	14	105	0	1
2925	13	13	105	0	1
2926	13	13	105	0	1
2927	13	13	105	0	1
2928	14	14	106	0	1
2929	14	14	106	0	1
2930	14	14	106	0	1
2931	14	14	106	0	1
2932	14	14	106	0	1
2933	14	14	106	0	1
2934	15	15	106	0	1
2935	15	15	106	0	1
2936	15	15	106	0	1
2937	15	15	106	0	1
2938	15	15	106	0	1
2939	15	15	106	0	1
2940	15	15	106	0	1
2941	15	15	106	0	1
2942	15	15	106	0	1
2943	15	15	106	0	1
2944	15	15	106	0	1
2945	15	15	106	0	1
2946	15	15	106	0	1
2947	15	15	106	0	1
2948	15	15	106	0	1
2949	15	15	106	0	1
2950	15	15	106	0	1
2951	15	15	106	0	1
2952	15	15	106	0	1
2953	15	15	106	0	1
2954	15	15	106	0	1
2955	14	14	106	0	1
2956	14	14	106	0	1
2957	14	14	106	0	1
2958	14	14	106	0	1
2959	14	14	106	0	1
2960	14	14	106	0	1
2961	14	14	106	0	1
2962	14	14	106	0	1
2963	14	14	106	0	1
2964	14	14	106	0	1
2965	14	14	106	0	1
2966	14	14	106	0	1
2967	14	14	106	0	1
2968	14	14	106	0	1
2969	14	14	106	0	1
2970	14	14	106	0	1
2971	14	14	106	0	1
2972	14	14	106	0	1
2973	14	14	106	0	1
2974	14	14	106	0	1
2975	14	14	106	0	1
2976	14	14	106	0	1
2977	14	14	106	0	1
2978	14	14	106	0	1
2979	14	14	106	0	1
2980	14	14	106	0	1
2981	14	14	106	0	1
2982	14	14	106	0	1
2983	14	14	106	0	1
2984	14	14	106	0	1
2985	14	14	106	0	1
2986	14	14	106	0	1
2987	14	14	106	0	1
2988	14	14	106	0	1
2989	14	14	106	0	1
2990	14	14	106	0	1
2991	14	14	106	0	1
2992	14	14	106	0	1
2993	14	14	106	0	1
2994	14	14	106	0	1
2995	14	14	106	0	1
2996	14	14	106	0	1
2997	14	14	106	0	1
2998	14	14	106	0	1
2999	14	14	106	0	1
3000	14	14	106	0	1
3001	14	14	106	0	1
3002	14	14	106	0	1
3003	14	14	106	0	1
3004	14	14	106	0	1
3005	14	14	106	0	1
3006	15	15	107	0	1
3007	15	15	107	0	1
3008	15	15	107	0	1
3009	15	15	107	0	1
3010	15	15	107	0	1
3011	15	15	107	0	1
3012	15	15	107	0	1
3013	15	15	107	0	1
3014	15	15	107	0	1
3015	15	15	107	0	1
3016	15	15	107	0	1
3017	15	15	107	0	1
3018	15	15	107	0	1
3019	15	15	107	0	1
3020	15	15	107	0	1
3021	15	15	107	0	1
3022	15	15	107	0	1
3023	15	15	107	0	1
3024	15	15	107	0	1
3025	15	15	107	0	1
3026	15	15	107	0	1
3027	15	15	107	0	1
3028	15	15	107	0	1
3029	15	15	107	0	1
3030	15	15	107	0	1
3031	15	15	107	0	1
3032	15	15	107	0	1
3033	15	15	107	0	1
3034	15	15	107	0	1
3035	15	15	107	0	1
3036	15	15	107	0	1
3037	15	15	107	0	1
3038	15	15	107	0	1
3039	15	15	107	0	1
3040	15	15	107	0	1
3041	15	15	107	0	1
3042	15	15	107	0	1
3043	15	15	107	0	1
3044	15	15	107	0	1
3045	15	15	107	0	1
3046	15	15	107	0	1
3047	15	15	107	0	1
3048	15	15	107	0	1
3049	15	15	107	0	1
3050	15	15	107	0	1
3051	15	15	107	0	1
3052	15	15	107	0	1
3053	15	15	107	0	1
3054	15	15	107	0	1
3055	15	15	107	0	1
3056	15	15	107	0	1
3057	15	15	107	0	1
3058	15	15	107	0	1
3059	15	15	107	0	1
3060	15	15	107	0	1
3061	15	15	107	0	1
3062	15	15	107	0	1
3063	15	15	107	0	1
3064	15	15	107	0	1
3065	15	15	107	0	1
3066	15	15	107	0	1
3067	15	15	107	0	1
3068	15	15	107	0	1
3069	15	15	107	0	1
3070	15	15	107	0	1
3071	15	15	107	0	1
3072	15	15	107	0	1
3073	15	15	107	0	1
3074	15	15	107	0	1
3075	15	15	107	0	1
3076	15	15	107	0	1
3077	15	15	107	0	1
3078	15	15	107	0	1
3079	15	15	107	0	1
3080	15	15	107	0	1
3081	15	15	107	0	1
3082	15	15	107	0	1
3083	15	15	107	0	1
3084	15	15	107	0	1
3085	15	15	107	0	1
3086	15	15	107	0	1
3087	15	15	107	0	1
3088	15	15	107	0	1
3089	15	15	107	0	1
3090	15	15	107	0	1
3091	15	15	107	0	1
3092	15	15	107	0	1
3093	15	15	107	0	1
3094	15	15	107	0	1
3095	15	15	107	0	1
3096	16	16	108	0	1
3097	16	16	108	0	1
3098	17	17	109	0	1
3099	17	17	109	0	1
3100	17	17	109	0	1
3101	17	17	109	0	1
3102	17	17	109	0	1
3103	17	17	109	0	1
3104	17	17	109	0	1
3105	17	17	109	0	1
3106	17	17	109	0	1
3107	17	17	109	0	1
3108	17	17	109	0	1
3109	17	17	109	0	1
3110	18	18	110	0	1
3111	18	18	110	0	1
3112	17	17	110	0	1
3113	18	18	110	0	1
3114	17	17	110	0	1
3115	17	17	110	0	1
3116	17	17	110	0	1
3117	17	17	110	0	1
3118	17	17	110	0	1
3119	17	17	110	0	1
3120	17	17	110	0	1
3121	16	16	110	0	1
3122	16	16	110	0	1
3123	16	16	110	0	1
3124	17	17	111	0	1
3125	17	17	111	0	1
3126	17	17	111	0	1
3127	17	17	111	0	1
3128	17	17	111	0	1
3129	17	17	111	0	1
3130	17	17	111	0	1
3131	17	17	111	0	1
3132	17	17	111	0	1
3133	16	16	111	0	1
3134	16	16	111	0	1
3135	16	16	111	0	1
3136	16	16	111	0	1
3137	16	16	111	0	1
3138	16	16	111	0	1
3139	16	16	111	0	1
3140	17	17	112	0	1
3141	17	17	112	0	1
3142	17	17	112	0	1
3143	17	17	112	0	1
3144	17	17	112	0	1
3145	17	17	112	0	1
3146	17	17	112	0	1
3147	17	17	112	0	1
3148	17	17	112	0	1
3149	17	17	112	0	1
3150	17	17	112	0	1
3151	17	17	112	0	1
3152	17	17	112	0	1
3153	17	17	112	0	1
3154	17	17	112	0	1
3155	17	17	112	0	1
3156	17	17	112	0	1
3157	19	19	114	0	1
3158	19	19	114	0	1
3159	19	19	114	0	1
3160	17	17	114	0	1
3161	17	17	114	0	1
3162	17	17	114	0	1
3163	18	18	114	0	2
3164	19	19	115	0	2
3165	19	19	115	0	2
3166	19	19	115	0	2
3167	19	19	115	0	2
3168	19	19	115	0	2
3169	19	19	115	0	2
3170	19	19	115	0	2
3171	19	19	115	0	2
3172	19	19	115	0	2
3173	18	18	115	0	2
3174	19	19	115	0	2
3175	19	19	115	0	2
3176	18	18	115	0	2
3177	18	18	115	0	2
3178	18	18	115	0	2
3179	18	18	115	0	2
3180	18	18	115	0	2
3181	18	18	115	0	2
3182	19	19	116	0	2
3183	19	19	116	0	2
3184	19	19	116	0	2
3185	19	19	116	0	2
3186	19	19	116	0	2
3187	19	19	116	0	2
3188	19	19	116	0	2
3189	19	19	116	0	2
3190	19	19	116	0	2
3191	19	19	116	0	2
3192	19	19	116	0	2
3193	19	19	116	0	2
3194	18	18	116	0	2
3195	18	18	116	0	2
3196	18	18	116	0	2
3197	18	18	116	0	2
3198	18	18	116	0	2
3199	18	18	116	0	2
3200	18	18	116	0	2
3201	18	18	116	0	2
3202	18	18	116	0	2
3203	18	18	116	0	2
3204	18	18	116	0	2
3205	18	18	116	0	2
3206	17	17	116	0	2
3207	17	17	116	0	2
3208	17	17	116	0	2
3209	18	18	116	0	2
3210	18	18	116	0	2
3211	18	18	116	0	2
3212	18	18	116	0	2
3213	18	18	116	0	2
3214	18	18	116	0	2
3215	18	18	116	0	2
3216	18	18	116	0	2
3217	18	18	116	0	2
3218	18	18	116	0	2
3219	18	18	116	0	2
3220	18	18	116	0	2
3221	18	18	116	0	2
3222	18	18	116	0	2
3223	18	18	116	0	2
3224	19	19	116	0	2
3225	19	19	116	0	2
3226	19	19	116	0	2
3227	19	19	116	0	2
3228	19	19	116	0	2
3229	19	19	116	0	2
3230	19	19	116	0	2
3231	19	19	116	0	2
3232	19	19	116	0	2
3233	19	19	116	0	2
3234	19	19	116	0	2
3235	19	19	116	0	2
3236	19	19	116	0	2
3237	19	19	116	0	2
3238	19	19	116	0	2
3239	19	19	116	0	2
3240	19	19	116	0	2
3241	19	19	116	0	2
3242	19	19	116	0	2
3243	19	19	116	0	2
3244	19	19	116	0	2
3245	19	19	116	0	2
3246	19	19	116	0	2
3247	19	19	116	0	2
3248	19	19	116	0	2
3249	19	19	116	0	2
3250	19	19	116	0	2
3251	19	19	116	0	2
3252	19	19	116	0	2
3253	19	19	116	0	2
3254	19	19	116	0	2
3255	19	19	116	0	2
3256	19	19	116	0	2
3257	19	19	116	0	2
3258	19	19	116	0	2
3259	19	19	116	0	2
3260	18	18	116	0	2
3261	18	18	116	0	2
3262	18	18	116	0	2
3263	18	18	116	0	2
3264	18	18	116	0	2
3265	18	18	116	0	2
3266	18	18	116	0	2
3267	18	18	116	0	2
3268	18	18	116	0	2
3269	18	18	116	0	2
3270	18	18	116	0	2
3271	18	18	116	0	2
3272	18	18	116	0	2
3273	18	18	116	0	2
3274	18	18	116	0	2
3275	18	18	116	0	2
3276	18	18	116	0	2
3277	18	18	116	0	2
3278	17	17	116	0	2
3279	17	17	116	0	2
3280	17	17	116	0	2
3281	17	17	116	0	2
3282	17	17	116	0	2
3283	17	17	116	0	2
3284	17	17	116	0	2
3285	17	17	116	0	2
3286	17	17	116	0	2
3287	17	17	116	0	2
3288	17	17	116	0	2
3289	16	16	116	0	2
3290	17	17	116	0	2
3291	17	17	116	0	2
3292	17	17	116	0	2
3293	17	17	116	0	2
3294	17	17	116	0	2
3295	17	17	116	0	2
3296	17	17	116	0	2
3297	17	17	116	0	2
3298	17	17	116	0	2
3299	17	17	116	0	2
3300	17	17	116	0	2
3301	17	17	116	0	2
3302	17	17	116	0	2
3303	17	17	116	0	2
3304	17	17	116	0	2
3305	17	17	116	0	2
3306	17	17	116	0	2
3307	17	17	116	0	2
3308	17	17	116	0	2
3309	17	17	116	0	2
3310	17	17	116	0	2
3311	17	17	116	0	2
3312	17	17	116	0	2
3313	17	17	116	0	2
3314	17	17	116	0	2
3315	17	17	116	0	2
3316	17	17	116	0	2
3317	16	16	116	0	2
3318	16	16	116	0	2
3319	16	16	116	0	2
3320	16	16	116	0	2
3321	16	16	116	0	2
3322	16	16	116	0	2
3323	17	17	116	0	2
3324	17	17	116	0	2
3325	17	17	116	0	2
3326	17	17	116	0	2
3327	17	17	116	0	2
3328	17	17	116	0	2
3329	17	17	116	0	2
3330	17	17	116	0	2
3331	17	17	116	0	2
3332	17	17	116	0	2
3333	17	17	116	0	2
3334	17	17	116	0	2
3335	17	17	116	0	2
3336	17	17	116	0	2
3337	17	17	116	0	2
3338	17	17	116	0	2
3339	17	17	116	0	2
3340	18	18	117	0	2
3341	18	18	117	0	2
3342	18	18	117	0	2
3343	18	18	117	0	2
3344	18	18	117	0	2
3345	18	18	117	0	2
3346	18	18	117	0	2
3347	18	18	117	0	2
3348	18	18	117	0	2
3349	18	18	117	0	2
3350	18	18	117	0	2
3351	18	18	117	0	2
3352	18	18	117	0	2
3353	18	18	117	0	2
3354	18	18	117	0	2
3355	18	18	117	0	2
3356	18	18	117	0	2
3357	18	18	117	0	2
3358	18	18	117	0	2
3359	18	18	117	0	2
3360	18	18	117	0	2
3361	18	18	117	0	2
3362	18	18	117	0	2
3363	18	18	117	0	2
3364	18	18	117	0	2
3365	18	18	117	0	2
3366	18	18	117	0	2
3367	18	18	117	0	2
3368	18	18	117	0	2
3369	18	18	117	0	2
3370	18	18	117	0	2
3371	18	18	117	0	2
3372	18	18	117	0	2
3373	18	18	117	0	2
3374	16	16	117	0	2
3375	17	17	117	0	2
3376	16	16	117	0	2
3377	16	16	117	0	2
3378	16	16	117	0	2
3379	16	16	117	0	2
3380	16	16	117	0	2
3381	16	16	117	0	2
3382	16	16	117	0	2
3383	16	16	117	0	2
3384	16	16	117	0	2
3385	16	16	117	0	2
3386	16	16	117	0	2
3387	16	16	117	0	2
3388	16	16	117	0	2
3389	16	16	117	0	2
3390	16	16	117	0	2
3391	16	16	117	0	2
3392	16	16	117	0	2
3393	16	16	117	0	2
3394	16	16	117	0	2
3395	16	16	117	0	2
3396	16	16	117	0	2
3397	16	16	117	0	2
3398	16	16	117	0	2
3399	16	16	117	0	2
3400	16	16	117	0	2
3401	16	16	117	0	2
3402	16	16	117	0	2
3403	16	16	117	0	2
3404	16	16	117	0	2
3405	16	16	117	0	2
3406	16	16	117	0	2
3407	16	16	117	0	2
3408	16	16	117	0	2
3409	16	16	117	0	2
3410	16	16	117	0	2
3411	16	16	117	0	2
3412	16	16	117	0	2
3413	16	16	117	0	2
3414	16	16	117	0	2
3415	16	16	117	0	2
3416	16	16	117	0	2
3417	16	16	117	0	2
3418	16	16	117	0	2
3419	16	16	117	0	2
3420	16	16	117	0	2
3421	16	16	117	0	2
3422	16	16	117	0	2
3423	16	16	117	0	2
3424	16	16	117	0	2
3425	16	16	117	0	2
3426	16	16	117	0	2
3427	16	16	117	0	2
3428	16	16	117	0	2
3429	16	16	117	0	2
3430	15	15	117	0	2
3431	15	15	117	0	2
3432	15	15	117	0	2
3433	15	15	117	0	2
3434	15	15	117	0	2
3435	15	15	117	0	2
3436	15	15	117	0	2
3437	15	15	117	0	2
3438	15	15	117	0	2
3439	16	16	118	0	2
3440	16	16	118	0	2
3441	16	16	118	0	2
3442	16	16	118	0	2
3443	16	16	118	0	2
3444	16	16	118	0	2
3445	16	16	118	0	2
3446	16	16	118	0	2
3447	16	16	118	0	2
3448	16	16	118	0	2
3449	16	16	118	0	2
3450	16	16	118	0	2
3451	17	17	119	0	2
3452	17	17	119	0	2
3453	16	16	119	0	2
3454	16	16	119	0	2
3455	16	16	119	0	2
3456	16	16	119	0	2
3457	16	16	119	0	2
3458	16	16	119	0	2
3459	16	16	119	0	2
3460	16	16	119	0	2
3461	16	16	119	0	2
3462	16	16	119	0	2
3463	16	16	119	0	2
3464	15	15	119	0	2
3465	16	16	119	0	2
3466	16	16	119	0	2
3467	16	16	119	0	2
3468	16	16	119	0	2
3469	16	16	119	0	2
3470	17	17	120	0	2
3471	17	17	120	0	2
3472	17	17	120	0	2
3473	17	17	120	0	2
3474	17	17	120	0	2
3475	17	17	120	0	2
3476	17	17	120	0	2
3477	17	17	120	0	2
3478	18	18	121	0	2
3479	18	18	121	0	2
3480	18	18	121	0	2
3481	18	18	121	0	2
3482	18	18	121	0	2
3483	18	18	121	0	2
3484	18	18	121	0	2
3485	18	18	121	0	2
3486	18	18	121	0	2
3487	18	18	121	0	2
3488	18	18	121	0	2
3489	18	18	121	0	2
3490	18	18	121	0	2
3491	18	18	121	0	2
3492	18	18	121	0	2
3493	18	18	121	0	2
3494	18	18	121	0	2
3495	18	18	121	0	2
3496	18	18	121	0	2
3497	18	18	121	0	2
3498	18	18	121	0	2
3499	18	18	121	0	2
3500	18	18	121	0	2
3501	18	18	121	0	2
3502	18	18	121	0	2
3503	18	18	121	0	2
3504	18	18	121	0	2
3505	18	18	121	0	2
3506	18	18	121	0	2
3507	18	18	121	0	2
3508	18	18	121	0	2
3509	18	18	121	0	2
3510	18	18	121	0	2
3511	18	18	121	0	2
3512	18	18	121	0	2
3513	18	18	121	0	2
3514	18	18	121	0	2
3515	18	18	121	0	2
3516	18	18	121	0	2
3517	18	18	121	0	2
3518	18	18	121	0	2
3519	18	18	121	0	2
3520	18	18	121	0	2
3521	18	18	121	0	2
3522	18	18	121	0	2
3523	18	18	121	0	2
3524	18	18	121	0	2
3525	18	18	121	0	2
3526	18	18	121	0	2
3527	18	18	121	0	2
3528	18	18	121	0	2
3529	18	18	121	0	2
3530	18	18	121	0	2
3531	18	18	121	0	2
3532	17	17	121	0	2
3533	17	17	121	0	2
3534	17	17	121	0	2
3535	17	17	121	0	2
3536	17	17	121	0	2
3537	17	17	121	0	2
3538	17	17	121	0	2
3539	17	17	121	0	2
3540	17	17	121	0	2
3541	17	17	121	0	2
3542	17	17	121	0	2
3543	17	17	121	0	2
3544	17	17	121	0	2
3545	17	17	121	0	2
3546	17	17	121	0	2
3547	17	17	121	0	2
3548	17	17	121	0	2
3549	17	17	121	0	2
3550	17	17	121	0	2
3551	17	17	121	0	2
3552	16	16	121	0	2
3553	17	17	121	0	2
3554	16	16	121	0	2
3555	15	15	121	0	2
3556	15	15	121	0	2
3557	15	15	121	0	2
3558	15	15	121	0	2
3559	15	15	121	0	2
3560	15	15	121	0	2
3561	15	15	121	0	2
3562	15	15	121	0	2
3563	15	15	121	0	2
3564	15	15	121	0	2
3565	15	15	121	0	2
3566	15	15	121	0	2
3567	15	15	121	0	2
3568	15	15	121	0	2
3569	15	15	121	0	2
3570	15	15	121	0	2
3571	14	14	121	0	2
3572	15	15	121	0	2
3573	15	15	121	0	2
3574	15	15	121	0	2
3575	15	15	121	0	2
3576	15	15	121	0	2
3577	15	15	121	0	2
3578	15	15	121	0	2
3579	15	15	121	0	2
3580	15	15	121	0	2
3581	15	15	121	0	2
3582	15	15	121	0	2
3583	15	15	121	0	2
3584	15	15	121	0	2
3585	15	15	121	0	2
3586	15	15	121	0	2
3587	15	15	121	0	2
3588	15	15	121	0	2
3589	16	16	122	0	2
3590	16	16	122	0	2
3591	16	16	122	0	2
3592	16	16	122	0	2
3593	16	16	122	0	2
3594	16	16	122	0	2
3595	16	16	122	0	2
3596	16	16	122	0	2
3597	16	16	122	0	2
3598	16	16	122	0	2
3599	16	16	122	0	2
3600	16	16	122	0	2
3601	15	15	122	0	2
3602	15	15	122	0	2
3603	15	15	122	0	2
3604	15	15	122	0	2
3605	15	15	122	0	2
3606	15	15	122	0	2
3607	15	15	122	0	2
3608	15	15	122	0	2
3609	15	15	122	0	2
3610	15	15	122	0	2
3611	15	15	122	0	2
3612	15	15	122	0	2
3613	15	15	122	0	2
3614	15	15	122	0	2
3615	15	15	122	0	2
3616	15	15	122	0	2
3617	15	15	122	0	2
3618	15	15	122	0	2
3619	15	15	122	0	2
3620	15	15	122	0	2
3621	15	15	122	0	2
3622	14	14	122	0	2
3623	14	14	122	0	2
3624	14	14	122	0	2
3625	14	14	122	0	2
3626	14	14	122	0	2
3627	14	14	122	0	2
3628	14	14	122	0	2
3629	15	15	122	0	2
3630	15	15	122	0	2
3631	15	15	122	0	2
3632	16	16	123	0	2
3633	15	15	123	0	2
3634	15	15	123	0	2
3635	15	15	123	0	2
3636	15	15	123	0	2
3637	15	15	123	0	2
3638	15	15	123	0	2
3639	15	15	123	0	2
3640	15	15	123	0	2
3641	15	15	123	0	2
3642	15	15	123	0	2
3643	15	15	123	0	2
3644	16	16	124	0	2
3645	16	16	124	0	2
3646	16	16	124	0	2
3647	16	16	124	0	2
3648	16	16	124	0	2
3649	16	16	124	0	2
3650	16	16	124	0	2
3651	16	16	124	0	2
3652	16	16	124	0	2
3653	16	16	124	0	2
3654	16	16	124	0	2
3655	16	16	124	0	2
3656	16	16	124	0	2
3657	16	16	124	0	2
3658	16	16	124	0	2
3659	16	16	124	0	2
3660	16	16	124	0	2
3661	16	16	124	0	2
3662	16	16	124	0	2
3663	16	16	124	0	2
3664	16	16	124	0	2
3665	16	16	124	0	2
3666	16	16	124	0	2
3667	16	16	124	0	2
3668	16	16	124	0	2
3669	16	16	124	0	2
3670	16	16	124	0	2
3671	16	16	124	0	2
3672	16	16	124	0	2
3673	16	16	124	0	2
3674	16	16	124	0	2
3675	15	15	124	0	2
3676	15	15	124	0	2
3677	15	15	124	0	2
3678	15	15	124	0	2
3679	15	15	124	0	2
3680	15	15	124	0	2
3681	15	15	124	0	2
3682	15	15	124	0	2
3683	15	15	124	0	2
3684	15	15	124	0	2
3685	15	15	124	0	2
3686	15	15	124	0	2
3687	15	15	124	0	2
3688	15	15	124	0	2
3689	15	15	124	0	2
3690	15	15	124	0	2
3691	15	15	124	0	2
3692	15	15	124	0	2
3693	15	15	124	0	2
3694	15	15	124	0	2
3695	15	15	124	0	2
3696	15	15	124	0	2
3697	15	15	124	0	2
3698	15	15	124	0	2
3699	15	15	124	0	2
3700	15	15	124	0	2
3701	15	15	124	0	2
3702	15	15	124	0	2
3703	15	15	124	0	2
3704	15	15	124	0	2
3705	15	15	124	0	2
3706	15	15	124	0	2
3707	15	15	124	0	2
3708	15	15	124	0	2
3709	15	15	124	0	2
3710	15	15	124	0	2
3711	15	15	124	0	2
3712	15	15	124	0	2
3713	16	16	125	0	2
3714	16	16	125	0	2
3715	16	16	125	0	2
3716	16	16	125	0	2
3717	16	16	125	0	2
3718	16	16	125	0	2
3719	16	16	125	0	2
3720	16	16	125	0	2
3721	16	16	125	0	2
3722	15	15	125	0	2
3723	15	15	125	0	2
3724	15	15	125	0	2
3725	15	15	125	0	2
3726	15	15	125	0	2
3727	15	15	125	0	2
3728	15	15	125	0	2
3729	15	15	125	0	2
3730	16	16	126	0	2
3731	16	16	126	0	2
3732	16	16	126	0	2
3733	16	16	126	0	2
3734	16	16	126	0	2
3735	16	16	126	0	2
3736	16	16	126	0	2
3737	16	16	126	0	2
3738	16	16	126	0	2
3739	16	16	126	0	2
3740	16	16	126	0	2
3741	16	16	126	0	2
3742	16	16	126	0	2
3743	16	16	126	0	2
3744	16	16	126	0	2
3745	16	16	126	0	2
3746	16	16	126	0	2
3747	16	16	126	0	2
3748	16	16	126	0	2
3749	16	16	126	0	2
3750	16	16	126	0	2
3751	16	16	126	0	2
3752	16	16	126	0	2
3753	16	16	126	0	2
3754	17	17	127	0	2
3755	16	16	127	0	2
3756	16	16	127	0	2
3757	16	16	127	0	2
3758	16	16	127	0	2
3759	16	16	127	0	2
3760	16	16	127	0	2
3761	16	16	127	0	2
3762	16	16	127	0	2
3763	16	16	127	0	2
3764	16	16	127	0	2
3765	14	14	127	0	2
3766	14	14	127	0	2
3767	14	14	127	0	2
3768	14	14	127	0	2
3769	14	14	127	0	2
3770	14	14	127	0	2
3771	14	14	127	0	2
3772	14	14	127	0	2
3773	14	14	127	0	2
3774	14	14	127	0	2
3775	14	14	127	0	2
3776	14	14	127	0	2
3777	14	14	127	0	2
3778	14	14	127	0	2
3779	15	15	128	0	2
3780	15	15	128	0	2
3781	15	15	128	0	2
3782	15	15	128	0	2
3783	15	15	128	0	2
3784	15	15	128	0	2
3785	15	15	128	0	2
3786	15	15	128	0	2
3787	15	15	128	0	2
3788	14	14	128	0	2
3789	15	15	128	0	2
3790	15	15	128	0	2
3791	15	15	128	0	2
3792	14	14	128	0	2
3793	15	15	129	0	2
3794	16	16	129	0	2
3795	16	16	129	0	2
3796	16	16	129	0	2
3797	16	16	129	0	2
3798	17	17	130	0	2
3799	17	17	130	0	2
3800	17	17	130	0	2
3801	17	17	130	0	2
3802	17	17	130	0	2
3803	16	16	130	0	2
3804	16	16	130	0	2
3805	16	16	130	0	2
3806	16	16	130	0	2
3807	16	16	130	0	2
3808	16	16	130	0	2
3809	16	16	130	0	2
3810	17	17	131	0	2
3811	17	17	131	0	2
3812	17	17	131	0	2
3813	17	17	131	0	2
3814	17	17	131	0	2
3815	17	17	131	0	2
3816	17	17	131	0	2
3817	17	17	131	0	2
3818	17	17	131	0	2
3819	17	17	131	0	2
3820	17	17	131	0	2
3821	17	17	131	0	2
3822	17	17	131	0	2
3823	17	17	131	0	2
3824	17	17	131	0	2
3825	17	17	131	0	2
3826	17	17	131	0	2
3827	17	17	131	0	2
3828	16	16	131	0	2
3829	16	16	131	0	2
3830	16	16	131	0	2
3831	16	16	131	0	2
3832	16	16	131	0	2
3833	16	16	131	0	2
3834	17	17	131	0	2
3835	16	16	131	0	2
3836	16	16	131	0	2
3837	16	16	131	0	2
3838	16	16	131	0	2
3839	16	16	131	0	2
3840	16	16	131	0	2
3841	16	16	131	0	2
3842	15	15	131	0	2
3843	16	16	131	0	2
3844	16	16	131	0	2
3845	16	16	131	0	2
3846	16	16	131	0	2
3847	16	16	131	0	2
3848	16	16	131	0	2
3849	16	16	131	0	2
3850	16	16	131	0	2
3851	16	16	131	0	2
3852	16	16	131	0	2
3853	16	16	131	0	2
3854	16	16	131	0	2
3855	15	15	131	0	2
3856	15	15	131	0	2
3857	15	15	131	0	2
3858	15	15	131	0	2
3859	15	15	131	0	2
3860	15	15	131	0	2
3861	15	15	131	0	2
3862	16	16	131	0	2
3863	16	16	131	0	2
3864	16	16	131	0	2
3865	16	16	131	0	2
3866	16	16	131	0	2
3867	16	16	131	0	2
3868	16	16	131	0	2
3869	16	16	131	0	2
3870	16	16	131	0	2
3871	16	16	131	0	2
3872	16	16	131	0	2
3873	16	16	131	0	2
3874	16	16	131	0	2
3875	16	16	131	0	2
3876	16	16	131	0	2
3877	16	16	131	0	2
3878	16	16	131	0	2
3879	16	16	131	0	2
3880	16	16	131	0	2
3881	16	16	131	0	2
3882	16	16	131	0	2
3883	16	16	131	0	2
3884	15	15	131	0	2
3885	15	15	131	0	2
3886	16	16	131	0	2
3887	16	16	131	0	2
3888	16	16	131	0	2
3889	16	16	131	0	2
3890	16	16	131	0	2
3891	16	16	131	0	2
3892	16	16	131	0	2
3893	16	16	131	0	2
3894	16	16	131	0	2
3895	16	16	131	0	2
3896	16	16	131	0	2
3897	16	16	131	0	2
3898	16	16	131	0	2
3899	16	16	131	0	2
3900	16	16	131	0	2
3901	16	16	131	0	2
3902	16	16	131	0	2
3903	16	16	131	0	2
3904	16	16	131	0	2
3905	16	16	131	0	2
3906	16	16	131	0	2
3907	16	16	131	0	2
3908	16	16	131	0	2
3909	16	16	131	0	2
3910	16	16	131	0	2
3911	16	16	131	0	2
3912	16	16	131	0	2
3913	16	16	131	0	2
3914	16	16	131	0	2
3915	15	15	131	0	2
3916	15	15	131	0	2
3917	15	15	131	0	2
3918	16	16	131	0	2
3919	16	16	131	0	2
3920	16	16	131	0	2
3921	16	16	131	0	2
3922	16	16	131	0	2
3923	16	16	131	0	2
3924	16	16	131	0	2
3925	16	16	131	0	2
3926	16	16	131	0	2
3927	16	16	131	0	2
3928	16	16	131	0	2
3929	16	16	131	0	2
3930	16	16	131	0	2
3931	17	17	132	0	2
3932	17	17	132	0	2
3933	17	17	132	0	2
3934	17	17	132	0	2
3935	17	17	132	0	2
3936	17	17	132	0	2
3937	17	17	132	0	2
3938	17	17	132	0	2
3939	17	17	132	0	2
3940	17	17	132	0	2
3941	17	17	132	0	2
3942	17	17	132	0	2
3943	17	17	132	0	2
3944	17	17	132	0	2
3945	17	17	132	0	2
3946	17	17	132	0	2
3947	17	17	132	0	2
3948	17	17	132	0	2
3949	17	17	132	0	2
3950	17	17	132	0	2
3951	17	17	132	0	2
3952	17	17	132	0	2
3953	17	17	132	0	2
3954	17	17	132	0	2
3955	17	17	132	0	2
3956	17	17	132	0	2
3957	17	17	132	0	2
3958	17	17	132	0	2
3959	17	17	132	0	2
3960	17	17	132	0	2
3961	17	17	132	0	2
3962	17	17	132	0	2
3963	17	17	132	0	2
3964	17	17	132	0	2
3965	17	17	132	0	2
3966	17	17	132	0	2
3967	17	17	132	0	2
3968	17	17	132	0	2
3969	17	17	132	0	2
3970	17	17	132	0	2
3971	16	16	132	0	2
3972	16	16	132	0	2
3973	16	16	132	0	2
3974	16	16	132	0	2
3975	16	16	132	0	2
3976	14	14	132	0	2
3977	13	13	132	0	2
3978	13	13	132	0	2
3979	13	13	132	0	2
3980	13	13	132	0	2
3981	13	13	132	0	2
3982	13	13	132	0	2
3983	13	13	132	0	2
3984	13	13	132	0	2
3985	13	13	132	0	2
3986	13	13	132	0	2
3987	13	13	132	0	2
3988	13	13	132	0	2
3989	13	13	132	0	2
3990	13	13	132	0	2
3991	13	13	132	0	2
3992	13	13	132	0	2
3993	13	13	132	0	2
3994	13	13	132	0	2
3995	13	13	132	0	2
3996	13	13	132	0	2
3997	13	13	132	0	2
3998	13	13	132	0	2
3999	13	13	132	0	2
4000	13	13	132	0	2
4001	14	14	132	0	2
4002	14	14	132	0	2
4003	14	14	132	0	2
4004	14	14	132	0	2
4005	14	14	132	0	2
4006	14	14	132	0	2
4007	14	14	132	0	2
4008	15	15	133	0	2
4009	15	15	133	0	2
4010	15	15	133	0	2
4011	15	15	133	0	2
4012	15	15	133	0	2
4013	15	15	133	0	2
4014	15	15	133	0	2
4015	15	15	133	0	2
4016	15	15	133	0	2
4017	15	15	133	0	2
4018	15	15	133	0	2
4019	15	15	133	0	2
4020	15	15	133	0	2
4021	15	15	133	0	2
4022	15	15	133	0	2
4023	15	15	133	0	2
4024	16	16	134	0	2
4025	16	16	134	0	2
4026	16	16	134	0	2
4027	16	16	134	0	2
4028	16	16	134	0	2
4029	16	16	134	0	2
4030	16	16	134	0	2
4031	16	16	134	0	2
4032	15	15	134	0	2
4033	15	15	134	0	2
4034	16	16	134	0	2
4035	17	17	135	0	2
4036	17	17	135	0	2
4037	17	17	135	0	2
4038	17	17	135	0	2
4039	17	17	135	0	2
4040	17	17	135	0	2
4041	17	17	135	0	2
4042	17	17	135	0	2
4043	17	17	135	0	2
4044	17	17	135	0	2
4045	17	17	135	0	2
4046	17	17	135	0	2
4047	17	17	135	0	2
4048	16	16	135	0	2
4049	16	16	135	0	2
4050	16	16	135	0	2
4051	15	15	135	0	2
4052	16	16	136	0	2
4053	16	16	136	0	2
4054	16	16	136	0	2
4055	16	16	136	0	2
4056	16	16	136	0	2
4057	16	16	136	0	2
4058	16	16	136	0	2
4059	16	16	136	0	2
4060	16	16	136	0	2
4061	16	16	136	0	2
4062	16	16	136	0	2
4063	16	16	136	0	2
4064	16	16	136	0	2
4065	15	15	136	0	2
4066	16	16	137	0	2
4067	16	16	137	0	2
4068	16	16	137	0	2
4069	16	16	137	0	2
4070	16	16	137	0	2
4071	16	16	137	0	2
4072	16	16	137	0	2
4073	16	16	137	0	2
4074	16	16	137	0	2
4075	16	16	137	0	2
4076	16	16	137	0	2
4077	16	16	137	0	2
4078	16	16	137	0	2
4079	16	16	137	0	2
4080	16	16	137	0	2
4081	16	16	137	0	2
4082	16	16	137	0	2
4083	16	16	137	0	2
4084	16	16	137	0	2
4085	16	16	137	0	2
4086	16	16	137	0	2
4087	16	16	137	0	2
4088	16	16	137	0	2
4089	16	16	137	0	2
4090	16	16	137	0	2
4091	16	16	137	0	2
4092	16	16	137	0	2
4093	16	16	137	0	2
4094	16	16	137	0	2
4095	15	15	137	0	2
4096	15	15	137	0	2
4097	15	15	137	0	2
4098	15	15	137	0	2
4099	15	15	137	0	2
4100	15	15	137	0	2
4101	15	15	137	0	2
4102	15	15	137	0	2
4103	15	15	137	0	2
4104	15	15	137	0	2
4105	15	15	137	0	2
4106	16	16	138	0	2
4107	16	16	138	0	2
4108	17	17	138	0	2
4109	17	17	138	0	2
4110	17	17	138	0	2
4111	17	17	138	0	2
4112	17	17	138	0	2
4113	17	17	138	0	2
4114	17	17	138	0	2
4115	17	17	138	0	2
4116	17	17	138	0	2
4117	17	17	138	0	2
4118	17	17	138	0	2
4119	17	17	138	0	2
4120	17	17	138	0	2
4121	17	17	138	0	2
4122	17	17	138	0	2
4123	17	17	138	0	2
4124	17	17	138	0	2
4125	17	17	138	0	2
4126	17	17	138	0	2
4127	17	17	138	0	2
4128	17	17	138	0	2
4129	17	17	138	0	2
4130	17	17	138	0	2
4131	17	17	138	0	2
4132	17	17	138	0	2
4133	17	17	138	0	2
4134	17	17	138	0	2
4135	17	17	138	0	2
4136	17	17	138	0	2
4137	17	17	138	0	2
4138	17	17	138	0	2
4139	18	18	139	0	2
4140	18	18	139	0	2
4141	18	18	139	0	2
4142	18	18	139	0	2
4143	18	18	139	0	2
4144	18	18	139	0	2
4145	18	18	139	0	2
4146	18	18	139	0	2
4147	18	18	139	0	2
4148	18	18	139	0	2
4149	18	18	139	0	2
4150	18	18	139	0	2
4151	18	18	139	0	2
4152	18	18	139	0	2
4153	18	18	139	0	2
4154	18	18	139	0	2
4155	18	18	139	0	2
4156	18	18	139	0	2
4157	18	18	139	0	2
4158	19	19	140	0	2
4159	19	19	140	0	2
4160	19	19	140	0	2
4161	19	19	140	0	2
4162	19	19	140	0	2
4163	19	19	140	0	2
4164	19	19	140	0	2
4165	18	18	140	0	2
4166	17	17	140	0	2
4167	17	17	140	0	2
4168	17	17	140	0	2
4169	17	17	140	0	2
4170	18	18	141	0	2
4171	18	18	141	0	2
4172	18	18	141	0	2
4173	18	18	141	0	2
4174	18	18	141	0	2
4175	18	18	141	0	2
4176	18	18	141	0	2
4177	18	18	141	0	2
4178	18	18	141	0	2
4179	18	18	141	0	2
4180	18	18	141	0	2
4181	17	17	141	0	2
4182	17	17	141	0	2
4183	18	18	141	0	2
4184	18	18	141	0	2
4185	18	18	141	0	2
4186	18	18	141	0	2
4187	18	18	141	0	2
4188	18	18	141	0	2
4189	18	18	141	0	2
4190	17	17	141	0	2
4191	18	18	141	0	2
4192	17	17	141	0	2
4193	17	17	141	0	2
4194	17	17	141	0	2
4195	17	17	141	0	2
4196	18	18	141	0	2
4197	17	17	141	0	2
4198	17	17	141	0	2
4199	17	17	141	0	2
4200	17	17	141	0	2
4201	15	15	141	0	2
4202	15	15	141	0	2
4203	15	15	141	0	2
4204	15	15	141	0	2
4205	15	15	141	0	2
4206	15	15	141	0	2
4207	15	15	141	0	2
4208	15	15	141	0	2
4209	15	15	141	0	2
4210	15	15	141	0	2
4211	15	15	141	0	2
4212	15	15	141	0	2
4213	15	15	142	0	2
4214	15	15	142	0	2
4215	15	15	142	0	2
4216	16	16	142	0	2
4217	16	16	142	0	2
4218	15	15	142	0	2
4219	15	15	142	0	2
4220	15	15	142	0	2
4221	15	15	142	0	2
4222	16	16	142	0	2
4223	16	16	142	0	2
4224	16	16	142	0	2
4225	16	16	142	0	2
4226	16	16	142	0	2
4227	16	16	142	0	2
4228	15	15	142	0	2
4229	15	15	142	0	2
4230	15	15	142	0	2
4231	15	15	142	0	2
4232	15	15	142	0	2
4233	15	15	142	0	2
4234	16	16	143	0	2
4235	16	16	143	0	2
4236	16	16	143	0	2
4237	16	16	143	0	2
4238	16	16	143	0	2
4239	16	16	143	0	2
4240	16	16	143	0	2
4241	16	16	143	0	2
4242	16	16	143	0	2
4243	16	16	143	0	2
4244	16	16	143	0	2
4245	16	16	143	0	2
4246	16	16	143	0	2
4247	16	16	143	0	2
4248	16	16	143	0	2
4249	16	16	143	0	2
4250	16	16	143	0	2
4251	16	16	143	0	2
4252	16	16	143	0	2
4253	16	16	143	0	2
4254	16	16	143	0	2
4255	16	16	143	0	2
4256	16	16	143	0	2
4257	16	16	143	0	2
4258	16	16	143	0	2
4259	16	16	143	0	2
4260	16	16	143	0	2
4261	16	16	143	0	2
4262	16	16	143	0	2
4263	16	16	143	0	2
4264	16	16	143	0	2
4265	16	16	143	0	2
4266	16	16	143	0	2
4267	16	16	143	0	2
4268	16	16	143	0	2
4269	16	16	143	0	2
4270	16	16	143	0	2
4271	16	16	143	0	2
4272	16	16	143	0	2
4273	16	16	143	0	2
4274	16	16	143	0	2
4275	16	16	143	0	2
4276	16	16	143	0	2
4277	17	17	144	0	2
4278	17	17	144	0	2
4279	17	17	144	0	2
4280	17	17	144	0	2
4281	17	17	144	0	2
4282	17	17	144	0	2
4283	17	17	144	0	2
4284	17	17	144	0	2
4285	17	17	144	0	2
4286	17	17	144	0	2
4287	17	17	144	0	2
4288	17	17	144	0	2
4289	16	16	144	0	2
4290	16	16	144	0	2
4291	16	16	144	0	2
4292	16	16	144	0	2
4293	16	16	144	0	2
4294	16	16	144	0	2
4295	16	16	144	0	2
4296	16	16	144	0	2
4297	16	16	144	0	2
4298	16	16	144	0	2
4299	16	16	144	0	2
4300	16	16	144	0	2
4301	16	16	144	0	2
4302	16	16	144	0	2
4303	16	16	144	0	2
4304	16	16	144	0	2
4305	16	16	144	0	2
4306	16	16	144	0	2
4307	16	16	144	0	2
4308	16	16	144	0	2
4309	16	16	144	0	2
4310	16	16	144	0	2
4311	16	16	144	0	2
4312	16	16	144	0	2
4313	16	16	144	0	2
4314	16	16	144	0	2
4315	16	16	144	0	2
4316	16	16	144	0	2
4317	16	16	144	0	2
4318	16	16	144	0	2
4319	16	16	144	0	2
4320	16	16	144	0	2
4321	16	16	144	0	2
4322	16	16	144	0	2
4323	16	16	144	0	2
4324	16	16	144	0	2
4325	16	16	144	0	2
4326	16	16	144	0	2
4327	16	16	144	0	2
4328	16	16	144	0	2
4329	16	16	144	0	2
4330	16	16	144	0	2
4331	15	15	144	0	2
4332	15	15	144	0	2
4333	15	15	144	0	2
4334	16	16	144	0	2
4335	16	16	144	0	2
4336	16	16	144	0	2
4337	16	16	144	0	2
4338	16	16	144	0	2
4339	16	16	144	0	2
4340	16	16	144	0	2
4341	16	16	144	0	2
4342	16	16	144	0	2
4343	16	16	144	0	2
4344	16	16	144	0	2
4345	16	16	144	0	2
4346	16	16	144	0	2
4347	16	16	144	0	2
4348	17	17	145	0	2
4349	17	17	145	0	2
4350	17	17	145	0	2
4351	17	17	145	0	2
4352	17	17	145	0	2
4353	17	17	145	0	2
4354	17	17	145	0	2
4355	17	17	145	0	2
4356	16	16	145	0	2
4357	16	16	145	0	2
4358	16	16	145	0	2
4359	16	16	145	0	2
4360	16	16	145	0	2
4361	16	16	145	0	2
4362	16	16	145	0	2
4363	16	16	145	0	2
4364	16	16	145	0	2
4365	15	15	145	0	2
4366	16	16	146	0	2
4367	16	16	146	0	2
4368	16	16	146	0	2
4369	16	16	146	0	2
4370	16	16	146	0	2
4371	16	16	146	0	2
4372	17	17	146	0	2
4373	17	17	146	0	2
4374	18	18	147	0	2
4375	18	18	147	0	2
4376	18	18	147	0	2
4377	18	18	147	0	2
4378	17	17	147	0	2
4379	17	17	147	0	2
4380	17	17	147	0	2
4381	17	17	147	0	2
4382	17	17	147	0	2
4383	18	18	148	0	2
4384	18	18	148	0	2
4385	18	18	148	0	2
4386	20	20	149	0	2
4387	20	20	149	0	2
4388	20	20	149	0	2
4389	20	20	149	0	2
4390	20	20	149	0	2
4391	20	20	149	0	2
4392	19	19	149	0	2
4393	19	19	149	0	2
4394	18	18	149	0	2
4395	18	18	149	0	2
4396	19	19	149	0	2
4397	19	19	150	0	2
4398	19	19	150	0	2
4399	19	19	150	0	2
4400	19	19	150	0	2
4401	19	19	150	0	2
4402	19	19	150	0	2
4403	19	19	150	0	2
4404	19	19	150	0	2
4405	19	19	150	0	2
4406	19	19	150	0	2
4407	19	19	150	0	2
4408	19	19	150	0	2
4409	19	19	150	0	2
4410	19	19	150	0	2
4411	19	19	150	0	2
4412	19	19	150	0	2
4413	19	19	150	0	2
4414	19	19	150	0	2
4415	19	19	150	0	2
4416	19	19	150	0	2
4417	19	19	150	0	2
4418	19	19	150	0	2
4419	19	19	150	0	2
4420	19	19	150	0	2
4421	19	19	150	0	2
4422	19	19	150	0	2
4423	18	18	150	0	2
4424	18	18	150	0	2
4425	18	18	150	0	2
4426	18	18	150	0	2
4427	18	18	150	0	2
4428	18	18	150	0	2
4429	18	18	150	0	2
4430	19	19	150	0	2
4431	20	20	151	0	2
4432	19	19	151	0	2
4433	19	19	151	0	2
4434	18	18	151	0	2
4435	18	18	151	0	2
4436	19	19	151	0	2
4437	19	19	151	0	2
4438	19	19	151	0	2
4439	19	19	151	0	2
4440	19	19	151	0	2
4441	19	19	151	0	2
4442	19	19	151	0	2
4443	19	19	151	0	2
4444	19	19	151	0	2
4445	19	19	151	0	2
4446	19	19	151	0	2
4447	19	19	151	0	2
4448	19	19	151	0	2
4449	19	19	151	0	2
4450	19	19	151	0	2
4451	19	19	151	0	2
4452	19	19	151	0	2
4453	19	19	151	0	2
4454	19	19	151	0	2
4455	19	19	151	0	2
4456	19	19	151	0	2
4457	19	19	151	0	2
4458	19	19	151	0	2
4459	19	19	151	0	2
4460	19	19	151	0	2
4461	19	19	151	0	2
4462	18	18	151	0	2
4463	18	18	151	0	2
4464	18	18	151	0	2
4465	18	18	151	0	2
4466	18	18	151	0	2
4467	18	18	151	0	2
4468	18	18	151	0	2
4469	17	17	151	0	2
4470	17	17	151	0	2
4471	17	17	151	0	2
4472	17	17	151	0	2
4473	17	17	151	0	2
4474	17	17	151	0	2
4475	17	17	151	0	2
4476	17	17	151	0	2
4477	17	17	151	0	2
4478	17	17	151	0	2
4479	17	17	151	0	2
4480	17	17	151	0	2
4481	17	17	151	0	2
4482	17	17	151	0	2
4483	17	17	151	0	2
4484	16	16	151	0	2
4485	15	15	151	0	2
4486	15	15	151	0	2
4487	15	15	151	0	2
4488	16	16	152	0	2
4489	15	15	152	0	2
4490	15	15	152	0	2
4491	15	15	152	0	2
4492	16	16	152	0	2
4493	16	16	152	0	2
4494	16	16	152	0	2
4495	16	16	152	0	2
4496	16	16	152	0	2
4497	16	16	152	0	2
4498	16	16	152	0	2
4499	16	16	152	0	2
4500	16	16	152	0	2
4501	16	16	152	0	2
4502	16	16	152	0	2
4503	16	16	152	0	2
4504	16	16	152	0	2
4505	16	16	152	0	2
4506	16	16	152	0	2
4507	16	16	152	0	2
4508	16	16	152	0	2
4509	16	16	152	0	2
4510	16	16	152	0	2
4511	16	16	152	0	2
4512	16	16	152	0	2
4513	16	16	152	0	2
4514	16	16	152	0	2
4515	16	16	152	0	2
4516	16	16	152	0	2
4517	16	16	152	0	2
4518	16	16	152	0	2
4519	16	16	152	0	2
4520	16	16	152	0	2
4521	16	16	152	0	2
4522	16	16	152	0	2
4523	16	16	152	0	2
4524	16	16	152	0	2
4525	16	16	152	0	2
4526	16	16	152	0	2
