Frame	Objetos_Detectados	IDs_Confirmados	IDs_Unicos	En_Zonas	Cruzaron_Lineas
1	1	1	1	0	0
2	1	1	1	0	0
3	1	1	1	0	0
4	2	1	1	0	0
5	2	1	1	0	0
6	2	1	1	0	0
7	1	1	1	0	0
8	3	2	2	0	0
9	2	2	2	0	0
10	3	2	2	0	0
11	3	2	2	0	0
12	3	2	2	0	0
13	3	2	2	0	0
14	3	2	2	0	0
15	2	2	2	0	0
16	1	1	2	0	0
17	1	1	2	0	0
18	2	2	3	0	0
19	2	2	3	0	0
20	2	2	3	0	0
21	3	2	3	0	0
22	3	2	3	0	0
23	3	3	4	0	0
24	2	2	4	0	0
25	3	3	4	0	0
26	3	3	4	0	0
27	2	2	4	0	1
28	2	2	4	0	1
29	2	2	4	0	1
30	3	2	4	0	1
31	3	2	4	0	1
32	4	3	4	0	1
33	3	2	4	0	1
34	5	3	4	0	1
35	5	3	4	0	1
36	5	3	4	0	1
37	4	2	4	0	1
38	4	2	4	0	1
39	4	2	4	0	1
40	4	2	4	0	1
41	4	2	4	0	1
42	4	2	4	0	1
43	4	2	4	0	1
44	4	2	4	0	1
45	3	2	4	0	1
46	3	2	4	0	1
47	3	2	4	0	1
48	3	2	4	0	1
49	3	2	4	0	1
50	3	2	4	0	1
51	4	3	4	0	1
52	2	1	4	0	1
53	3	2	4	0	1
54	3	2	4	0	1
55	4	3	4	0	1
56	4	3	4	0	1
57	4	3	4	0	1
58	4	3	4	0	1
59	4	3	4	0	1
60	4	3	4	0	1
61	4	3	4	0	1
62	4	3	4	0	1
63	3	3	4	0	1
64	4	3	4	0	1
65	4	3	4	0	1
66	4	3	4	0	1
67	5	3	4	0	1
68	4	3	4	0	1
69	4	3	4	0	1
70	4	3	4	0	1
71	4	3	4	0	1
72	4	3	4	0	1
73	3	3	4	0	1
74	3	3	4	0	1
75	3	3	4	0	1
76	3	3	4	0	1
77	3	3	4	0	1
78	3	3	4	0	1
79	2	2	4	0	1
80	2	2	4	0	1
81	3	2	4	0	1
82	3	2	4	0	1
83	2	2	4	0	1
84	3	2	4	0	1
85	3	2	4	0	1
86	3	2	4	0	1
87	2	2	4	0	1
88	3	2	4	0	1
89	3	2	4	0	1
90	3	2	4	0	1
91	3	2	4	0	1
92	4	3	5	0	1
93	4	3	5	0	1
94	4	3	5	0	1
95	4	3	5	0	1
96	4	3	5	0	1
97	4	3	5	0	1
98	4	3	5	0	1
99	4	3	5	0	1
100	4	3	5	0	1
101	4	3	5	0	1
102	4	3	5	0	1
103	4	3	5	0	1
104	4	3	5	0	1
105	4	3	5	0	1
106	4	3	5	0	1
107	4	3	5	0	1
108	4	3	5	0	1
109	3	2	5	0	1
110	3	2	5	0	1
111	2	1	5	0	1
112	2	2	5	0	1
113	2	2	5	0	1
114	2	2	5	0	1
115	2	2	5	0	1
116	2	2	5	0	1
117	2	2	5	0	1
118	2	2	5	0	1
119	3	2	5	0	1
120	3	2	5	0	1
121	4	2	5	0	1
122	3	2	5	0	1
123	4	2	5	0	1
124	3	2	5	0	2
125	4	2	5	0	2
126	4	2	5	0	2
127	2	1	5	0	2
128	2	1	5	0	2
129	2	1	5	0	2
130	2	1	5	0	2
131	2	1	5	0	2
132	2	1	5	0	2
133	2	1	5	0	2
134	2	1	5	0	2
135	2	1	5	0	2
136	1	1	5	0	2
137	1	1	5	0	2
138	1	1	5	0	2
139	1	1	5	0	2
140	2	2	6	0	2
141	3	2	6	0	2
142	3	2	6	0	2
143	3	2	6	0	2
144	3	2	6	0	2
145	3	2	6	0	2
146	3	2	6	0	2
147	3	2	6	0	2
148	3	2	6	0	2
149	3	2	6	0	2
150	4	3	7	0	2
151	4	3	7	0	2
152	4	3	7	0	2
153	3	2	7	0	2
154	4	3	7	0	2
155	4	3	7	0	2
156	4	3	7	0	2
157	4	3	7	0	2
158	4	3	7	0	2
159	4	3	7	0	3
160	4	3	7	0	3
161	4	3	7	0	3
162	4	3	7	0	3
163	4	3	7	0	3
164	4	3	7	0	3
165	4	3	7	0	3
166	4	3	7	0	3
167	3	3	7	0	3
168	4	3	7	0	3
169	4	3	7	0	3
170	4	3	7	0	3
171	3	3	7	0	3
172	2	2	7	0	3
173	2	2	7	0	3
174	2	2	7	0	3
175	2	2	7	0	3
176	2	2	7	0	3
177	2	2	7	0	3
178	2	2	7	0	3
179	1	1	7	0	3
180	1	1	7	0	3
181	2	2	7	0	3
182	2	2	7	0	3
183	1	1	7	0	3
184	1	1	7	0	3
185	2	1	7	0	3
186	1	1	7	0	3
187	2	2	7	0	3
188	2	2	7	0	3
189	2	1	7	0	3
190	3	2	7	0	3
191	3	2	7	0	3
192	3	2	7	0	3
193	3	2	7	0	3
194	3	2	7	0	3
195	3	2	7	0	3
196	3	2	7	0	3
197	3	2	7	0	3
198	3	2	7	0	3
199	3	2	7	0	3
200	3	2	7	0	3
201	3	2	7	0	3
202	3	2	7	0	3
203	3	2	7	0	3
204	3	2	7	0	3
205	3	2	7	0	3
206	3	2	7	0	3
207	2	2	7	0	3
208	3	2	7	0	3
209	2	2	7	0	3
210	3	2	7	0	3
211	3	2	7	0	3
212	3	2	7	0	3
213	3	2	7	0	3
214	3	2	7	0	3
215	2	2	7	0	3
216	2	2	7	0	3
217	3	2	7	0	3
218	3	3	8	0	3
219	2	1	8	0	3
220	3	2	8	0	3
221	3	2	8	0	3
222	3	2	8	0	3
223	3	2	8	0	3
224	3	2	8	0	3
225	3	2	8	0	3
226	3	2	8	0	3
227	3	2	8	0	3
228	2	1	8	0	3
229	2	2	8	0	3
230	2	2	8	0	3
231	3	2	8	0	3
232	2	2	8	0	3
233	2	2	8	0	3
234	2	2	8	0	3
235	3	3	8	0	3
236	3	3	8	0	3
237	3	3	8	0	3
238	3	3	8	0	3
239	3	3	8	0	3
240	3	3	8	0	3
241	4	3	8	0	3
242	3	3	8	0	3
243	4	3	8	0	3
244	3	3	8	0	3
245	4	3	8	0	3
246	3	3	8	0	3
247	4	3	8	0	3
248	3	3	8	0	3
249	3	3	8	0	3
250	3	3	8	0	3
251	3	2	8	0	3
252	3	2	8	0	3
253	3	2	8	0	3
254	3	2	8	0	3
255	3	2	8	0	3
256	3	2	8	0	3
257	3	2	8	0	3
258	3	2	8	0	3
259	3	2	8	0	3
260	3	2	8	0	3
261	4	3	8	0	3
262	3	2	8	0	3
263	3	2	8	0	3
264	3	2	8	0	3
265	3	2	8	0	3
266	3	2	8	0	3
267	3	2	8	0	3
268	2	2	8	0	3
269	3	2	8	0	3
270	3	2	8	0	3
271	2	2	8	0	3
272	2	2	8	0	3
273	3	2	8	0	3
274	3	2	8	0	3
275	3	2	8	0	3
276	3	2	8	0	3
277	1	0	8	0	3
278	2	1	9	0	3
279	2	1	9	0	3
280	2	1	9	0	3
281	3	2	10	0	3
282	3	2	10	0	3
283	2	2	10	0	3
284	2	2	10	0	3
285	2	2	10	0	3
286	2	2	10	0	3
287	2	2	10	0	3
288	2	2	10	0	3
289	2	2	10	0	3
290	2	2	10	0	3
291	1	1	10	0	3
292	2	2	10	0	3
293	2	2	10	0	3
294	2	2	10	0	3
295	2	2	10	0	3
296	2	2	10	0	3
297	2	2	10	0	3
298	2	2	10	0	3
299	2	2	10	0	3
300	2	2	10	0	3
301	2	2	10	0	3
302	2	2	10	0	3
303	2	2	10	0	3
304	2	2	10	0	3
305	2	2	10	0	3
306	2	2	10	0	3
307	0	0	10	0	3
308	0	0	10	0	3
309	0	0	10	0	3
310	0	0	10	0	3
311	0	0	10	0	3
312	0	0	10	0	3
313	0	0	10	0	3
314	2	1	11	0	3
315	2	2	11	0	3
316	2	2	11	0	3
317	3	2	11	0	3
318	2	1	11	0	3
319	1	1	11	0	3
320	1	1	11	0	3
321	2	2	11	0	3
322	2	2	11	0	3
323	2	2	11	0	3
324	2	2	11	0	3
325	3	2	11	0	3
326	3	2	11	0	3
327	2	2	11	0	3
328	2	2	11	0	3
329	1	1	11	0	3
330	1	1	11	0	3
331	2	1	11	0	3
332	2	1	11	0	3
333	0	0	11	0	3
334	1	0	11	0	3
335	3	2	11	0	3
336	3	2	11	0	3
337	3	2	11	0	3
338	3	2	11	0	3
339	2	1	11	0	3
340	2	1	11	0	3
341	2	1	11	0	3
342	2	1	11	0	3
343	2	1	11	0	3
344	2	1	11	0	3
345	2	2	11	0	3
346	3	2	11	0	3
347	3	2	11	0	3
348	3	2	11	0	3
349	1	1	11	0	3
350	1	1	11	0	3
351	2	2	11	0	3
352	2	2	11	0	3
353	2	2	11	0	3
354	3	2	11	0	3
355	2	1	11	0	3
356	2	1	11	0	3
357	4	2	11	0	3
358	3	2	11	0	3
359	3	2	11	0	3
360	3	2	11	0	3
361	3	2	11	0	3
362	4	2	11	0	3
363	4	2	11	0	4
364	3	2	11	0	4
365	3	2	11	0	4
366	3	2	11	0	4
367	3	2	11	0	4
368	3	2	11	0	4
369	2	2	11	0	4
370	2	2	11	0	4
371	3	2	11	0	4
372	2	2	11	0	4
373	2	1	11	0	4
374	2	1	11	0	4
375	2	1	11	0	4
376	1	0	11	0	4
377	2	1	11	0	4
378	1	0	11	0	4
379	1	0	11	0	4
380	1	0	11	0	4
381	1	0	11	0	4
382	1	0	11	0	4
383	1	0	11	0	4
384	1	0	11	0	4
385	0	0	11	0	4
386	0	0	11	0	4
387	1	0	11	0	4
388	0	0	11	0	4
389	0	0	11	0	4
390	1	0	11	0	4
391	1	0	11	0	4
392	1	0	11	0	4
393	1	0	11	0	4
394	1	0	11	0	4
395	1	0	11	0	4
396	1	0	11	0	4
397	1	0	11	0	4
398	1	0	11	0	4
399	0	0	11	0	4
400	0	0	11	0	4
401	0	0	11	0	4
402	0	0	11	0	4
403	0	0	11	0	4
404	0	0	11	0	4
405	0	0	11	0	4
406	0	0	11	0	4
407	1	0	11	0	4
408	1	0	11	0	4
409	1	0	11	0	4
410	1	0	11	0	4
411	1	0	11	0	4
412	1	0	11	0	4
413	1	0	11	0	4
414	1	0	11	0	4
415	1	0	11	0	4
416	1	0	11	0	4
417	1	0	11	0	4
418	0	0	11	0	4
419	0	0	11	0	4
420	0	0	11	0	4
421	0	0	11	0	4
422	1	0	11	0	4
423	1	0	11	0	4
424	1	0	11	0	4
425	1	0	11	0	4
426	1	0	11	0	4
427	1	0	11	0	4
428	1	0	11	0	4
429	0	0	11	0	4
430	1	0	11	0	4
431	1	0	11	0	4
432	1	0	11	0	4
433	1	0	11	0	4
434	1	0	11	0	4
435	1	0	11	0	4
436	1	0	11	0	4
437	1	0	11	0	4
438	1	0	11	0	4
439	0	0	11	0	4
440	0	0	11	0	4
441	0	0	11	0	4
442	0	0	11	0	4
443	0	0	11	0	4
444	0	0	11	0	4
445	1	0	11	0	4
446	0	0	11	0	4
447	0	0	11	0	4
448	0	0	11	0	4
449	0	0	11	0	4
450	1	0	11	0	4
451	0	0	11	0	4
452	1	0	11	0	4
453	1	0	11	0	4
454	1	0	11	0	4
455	1	0	11	0	4
456	1	0	11	0	4
457	1	0	11	0	4
458	1	0	11	0	4
459	1	0	11	0	4
460	1	0	11	0	4
461	1	0	11	0	4
462	1	0	11	0	4
463	0	0	11	0	4
464	0	0	11	0	4
465	0	0	11	0	4
466	0	0	11	0	4
467	0	0	11	0	4
468	0	0	11	0	4
469	0	0	11	0	4
470	0	0	11	0	4
471	0	0	11	0	4
472	0	0	11	0	4
473	0	0	11	0	4
474	0	0	11	0	4
475	0	0	11	0	4
476	0	0	11	0	4
477	1	0	11	0	4
478	0	0	11	0	4
479	0	0	11	0	4
480	0	0	11	0	4
481	1	0	11	0	4
482	0	0	11	0	4
483	0	0	11	0	4
484	0	0	11	0	4
485	0	0	11	0	4
486	0	0	11	0	4
487	1	0	11	0	4
488	1	0	11	0	4
489	1	0	11	0	4
490	1	0	11	0	4
491	0	0	11	0	4
492	0	0	11	0	4
493	0	0	11	0	4
494	0	0	11	0	4
495	0	0	11	0	4
496	0	0	11	0	4
497	1	0	11	0	4
498	1	0	11	0	4
499	0	0	11	0	4
500	0	0	11	0	4
501	1	0	11	0	4
502	1	0	11	0	4
503	1	0	11	0	4
504	1	0	11	0	4
505	0	0	11	0	4
506	0	0	11	0	4
507	0	0	11	0	4
508	1	0	11	0	4
509	0	0	11	0	4
510	0	0	11	0	4
511	1	0	11	0	4
512	1	0	11	0	4
513	1	0	11	0	4
514	1	0	11	0	4
515	1	0	11	0	4
516	2	1	12	0	4
517	2	1	12	0	4
518	2	1	12	0	4
519	2	1	12	0	4
520	2	1	12	0	4
521	1	0	12	0	4
522	1	0	12	0	4
523	2	1	12	0	4
524	3	2	13	0	4
525	2	1	13	0	4
526	2	1	13	0	4
527	1	0	13	0	4
528	0	0	13	0	4
529	0	0	13	0	4
530	0	0	13	0	4
531	2	1	13	0	4
532	1	1	13	0	4
533	1	1	13	0	5
534	1	1	13	0	5
535	1	1	13	0	5
536	2	2	14	0	5
537	2	2	14	0	5
538	2	2	14	0	5
539	2	2	14	0	5
540	2	2	14	0	5
541	2	2	14	0	5
542	2	2	14	0	5
543	2	2	14	0	5
544	2	2	14	0	5
545	2	2	14	0	5
546	2	2	14	0	5
547	2	2	14	0	5
548	2	2	14	0	5
549	2	2	14	0	5
550	2	2	14	0	5
551	2	2	14	0	5
552	2	2	14	0	5
553	2	2	14	0	5
554	2	2	14	0	5
555	3	2	14	0	5
556	2	2	14	0	5
557	2	2	14	0	5
558	2	2	14	0	5
559	2	2	14	0	5
560	2	2	14	0	5
561	2	2	14	0	5
562	2	2	14	0	5
563	2	2	14	0	5
564	2	2	14	0	5
565	3	2	14	0	5
566	3	2	14	0	5
567	3	2	14	0	5
568	3	2	14	0	5
569	3	2	14	0	5
570	3	2	14	0	5
571	2	2	14	0	5
572	4	3	15	0	5
573	4	3	15	0	5
574	3	2	15	0	5
575	4	3	15	0	5
576	4	3	15	0	5
577	3	2	15	0	5
578	3	2	15	0	5
579	2	2	15	0	5
580	3	2	15	0	5
581	3	2	15	0	5
582	3	2	15	0	5
583	2	2	15	0	5
584	3	2	15	0	5
585	3	2	15	0	5
586	3	2	15	0	5
587	3	2	15	0	5
588	4	2	15	0	5
589	1	1	16	0	5
590	2	2	17	0	5
591	2	2	17	0	5
592	2	2	17	0	5
593	2	2	17	0	5
594	2	2	17	0	5
595	1	1	17	0	5
596	1	1	17	0	5
597	2	2	17	0	5
598	2	2	17	0	5
599	2	2	17	0	5
600	2	2	17	0	5
601	2	2	17	0	5
602	2	2	17	0	5
603	2	2	17	0	5
604	2	2	17	0	5
605	2	2	17	0	5
606	2	2	17	0	5
607	2	2	17	0	5
608	2	2	17	0	5
609	2	2	17	0	5
610	3	2	17	0	5
611	2	2	17	0	5
612	3	2	17	0	5
613	2	1	17	0	5
614	3	2	17	0	5
615	2	2	17	0	5
616	2	2	17	0	5
617	2	2	17	0	5
618	2	2	17	0	5
619	2	2	17	0	5
620	3	3	18	0	5
621	3	3	18	0	5
622	4	3	18	0	6
623	4	3	18	0	6
624	3	3	18	0	6
625	3	3	18	0	6
626	3	3	18	0	6
627	4	3	18	0	6
628	4	3	18	0	6
629	4	3	18	0	6
630	4	3	18	0	6
631	4	3	18	0	6
632	4	3	18	0	6
633	4	3	18	0	6
634	4	3	18	0	6
635	3	2	18	0	6
636	3	2	18	0	6
637	4	3	18	0	6
638	3	2	18	0	6
639	3	2	18	0	6
640	3	2	18	0	6
641	3	3	18	0	6
642	2	2	18	0	6
643	2	2	18	0	6
644	2	2	18	0	6
645	3	2	18	0	6
646	3	2	18	0	6
647	3	2	18	0	6
648	3	2	18	0	6
649	3	2	18	0	6
650	4	2	18	0	6
651	5	3	18	0	6
652	4	3	18	0	6
653	4	3	18	0	6
654	4	3	18	0	6
655	4	3	18	0	6
656	4	3	18	0	6
657	3	2	18	0	6
658	4	2	18	0	6
659	3	2	18	0	6
660	3	2	18	0	6
661	4	2	18	0	6
662	4	2	18	0	6
663	4	3	18	0	6
664	5	3	18	0	6
665	5	3	18	0	6
666	5	3	18	0	6
667	5	3	18	0	6
668	4	3	18	0	6
669	5	3	18	0	6
670	5	3	18	0	6
671	4	2	18	0	6
672	5	3	18	0	6
673	4	3	18	0	6
674	4	3	18	0	6
675	4	3	18	0	6
676	3	2	18	0	6
677	4	2	18	0	6
678	3	2	18	0	6
679	2	2	18	0	6
680	3	2	18	0	6
681	2	2	18	0	6
682	2	2	18	0	6
683	2	2	18	0	6
684	2	2	18	0	6
685	2	2	18	0	6
686	2	2	18	0	6
687	2	2	18	0	6
688	1	1	18	0	6
689	3	3	18	0	6
690	2	2	18	0	6
691	3	3	18	0	6
692	3	3	18	0	6
693	3	3	18	0	6
694	3	3	18	0	6
695	3	3	18	0	6
696	3	3	18	0	6
697	2	2	18	0	6
698	2	2	18	0	6
699	3	3	18	0	6
700	3	3	18	0	6
701	3	3	18	0	6
702	3	3	18	0	6
703	3	3	18	0	6
704	3	3	18	0	6
705	1	1	18	0	6
706	1	1	18	0	6
707	2	2	18	0	6
708	2	2	18	0	6
709	2	2	18	0	6
710	2	2	18	0	6
711	2	2	18	0	6
712	3	3	19	0	6
713	3	3	19	0	6
714	3	3	19	0	6
715	3	3	19	0	6
716	3	3	19	0	6
717	3	3	19	0	6
718	2	2	19	0	6
719	2	2	19	0	6
720	2	2	19	0	6
721	2	2	19	0	6
722	2	2	19	0	6
723	2	2	19	0	6
724	2	2	19	0	6
725	2	2	19	0	6
726	2	2	19	0	6
727	2	2	19	0	6
728	3	2	19	0	6
729	3	2	19	0	6
730	3	2	19	0	6
731	3	2	19	0	6
732	3	2	19	0	6
733	3	2	19	0	6
734	2	2	19	0	6
735	2	2	19	0	6
736	2	2	19	0	6
737	2	2	19	0	6
738	2	2	19	0	6
739	1	1	19	0	6
740	2	2	19	0	6
741	2	2	19	0	6
742	2	2	19	0	6
743	2	2	19	0	6
744	2	2	19	0	6
745	2	2	19	0	6
746	2	2	19	0	6
747	2	2	19	0	6
748	2	2	19	0	6
749	2	2	19	0	6
750	2	2	19	0	6
751	3	2	19	0	6
752	3	2	19	0	6
753	2	2	19	0	6
754	2	2	19	0	6
755	2	2	19	0	6
756	3	2	19	0	6
757	2	1	19	0	6
758	2	1	19	0	6
759	3	2	19	0	6
760	2	1	19	0	6
761	3	2	19	0	6
762	3	2	19	0	6
763	3	2	19	0	6
764	3	2	19	0	6
765	3	2	19	0	6
766	2	1	19	0	6
767	2	1	19	0	6
768	2	2	19	0	6
769	2	2	19	0	6
770	3	3	20	0	6
771	2	2	20	0	6
772	2	2	20	0	6
773	4	3	20	0	6
774	3	2	20	0	6
775	3	2	20	0	6
776	3	2	20	0	6
777	3	2	20	0	6
778	3	2	20	0	6
779	3	2	20	0	6
780	3	2	20	0	6
781	3	2	20	0	6
782	3	2	20	0	6
783	2	1	20	0	6
784	3	2	20	0	6
785	3	2	20	0	6
786	3	2	20	0	6
787	3	2	20	0	6
788	3	2	20	0	6
789	3	2	20	0	6
790	2	1	20	0	6
791	3	2	20	0	6
792	3	2	20	0	6
793	3	2	20	0	6
794	3	2	20	0	6
795	3	2	20	0	6
796	3	2	20	0	6
797	3	2	20	0	6
798	3	2	20	0	6
799	2	1	20	0	6
800	2	1	20	0	6
801	2	1	20	0	6
802	2	1	20	0	6
803	2	1	20	0	6
804	2	1	20	0	6
805	2	1	20	0	6
806	2	1	20	0	6
807	2	1	20	0	6
808	2	1	20	0	6
809	3	2	21	0	6
810	3	2	21	0	6
811	2	2	21	0	6
812	2	2	21	0	6
813	3	2	21	0	6
814	3	2	21	0	6
815	3	2	21	0	6
816	3	2	21	0	6
817	3	2	21	0	6
818	3	2	21	0	6
819	3	2	21	0	6
820	3	2	21	0	6
821	2	2	21	0	6
822	2	2	21	0	6
823	2	2	21	0	6
824	3	2	21	0	6
825	3	2	21	0	6
826	3	2	21	0	6
827	3	2	21	0	6
828	3	2	21	0	6
829	3	2	21	0	6
830	3	2	21	0	6
831	3	2	21	0	6
832	3	2	21	0	6
833	3	2	21	0	6
834	3	2	21	0	6
835	3	2	21	0	6
836	3	2	21	0	6
837	3	2	21	0	6
838	3	2	21	0	6
839	2	2	21	0	6
840	2	2	21	0	6
841	3	2	21	0	6
842	2	2	21	0	6
843	2	2	21	0	6
844	3	2	21	0	6
845	2	2	21	0	6
846	2	2	21	0	6
847	3	2	21	0	6
848	3	2	21	0	6
849	3	2	21	0	6
850	3	2	21	0	6
851	3	2	21	0	6
852	3	2	21	0	6
853	3	2	21	0	6
854	3	2	21	0	6
855	3	2	21	0	6
856	2	2	21	0	6
857	1	1	21	0	6
858	1	1	21	0	6
859	3	2	21	0	6
860	3	2	21	0	6
861	2	2	21	0	6
862	2	2	21	0	6
863	2	2	21	0	6
864	2	2	21	0	6
865	2	2	21	0	6
866	2	2	21	0	6
867	1	1	21	0	6
868	2	2	21	0	6
869	2	2	21	0	6
870	2	2	21	0	6
871	2	2	21	0	6
872	2	2	21	0	6
873	2	2	21	0	6
874	2	2	21	0	6
875	2	2	21	0	6
876	2	2	21	0	6
877	3	2	21	0	6
878	3	2	21	0	6
879	2	2	21	0	6
880	2	2	21	0	6
881	2	2	21	0	6
882	2	2	21	0	6
883	1	1	21	0	6
884	1	1	21	0	6
885	3	2	21	0	6
886	2	1	21	0	6
887	2	1	21	0	6
888	2	1	21	0	6
889	2	1	21	0	6
890	2	1	21	0	6
891	2	1	21	0	6
892	2	1	21	0	6
893	2	1	21	0	6
894	2	1	21	0	6
895	2	1	21	0	6
896	1	1	21	0	6
897	2	1	21	0	6
898	1	1	21	0	6
899	1	1	21	0	6
900	2	1	21	0	6
901	2	2	22	0	6
902	2	2	22	0	6
903	2	2	22	0	6
904	1	1	22	0	6
905	1	1	22	0	6
906	1	1	22	0	6
907	3	2	22	0	6
908	3	2	22	0	6
909	2	1	22	0	6
910	3	2	22	0	6
911	3	2	22	0	6
912	3	2	22	0	6
913	3	2	22	0	6
914	3	2	22	0	6
915	3	2	22	0	6
916	3	1	22	0	6
917	4	2	22	0	6
918	4	2	22	0	6
919	4	2	22	0	6
920	5	2	22	0	6
921	5	2	22	0	6
922	4	2	22	0	6
923	2	0	22	0	6
924	2	0	22	0	6
925	3	1	22	0	6
926	3	1	22	0	6
927	3	2	22	0	6
928	3	2	22	0	6
929	4	2	22	0	6
930	4	2	22	0	6
931	3	2	22	0	6
932	4	2	22	0	6
933	4	2	22	0	6
934	4	2	22	0	6
935	4	2	22	0	6
936	4	2	22	0	6
937	4	2	22	0	6
938	4	2	22	0	6
939	4	2	22	0	6
940	4	2	22	0	6
941	4	2	22	0	6
942	4	2	22	0	6
943	4	2	22	0	6
944	4	2	22	0	6
945	4	2	22	0	6
946	3	1	22	0	6
947	4	2	22	0	6
948	3	1	22	0	6
949	3	2	22	0	6
950	3	2	22	0	6
951	3	2	22	0	6
952	2	2	22	0	6
953	3	2	22	0	6
954	3	2	22	0	6
955	3	2	22	0	6
956	3	2	22	0	6
957	2	1	22	0	6
958	3	2	22	0	6
959	3	2	22	0	6
960	3	2	22	0	6
961	3	1	22	0	6
962	3	1	22	0	6
963	4	2	22	0	6
964	3	1	22	0	6
965	3	2	22	0	6
966	3	2	22	0	6
967	4	2	22	0	6
968	4	2	22	0	6
969	3	2	22	0	6
970	3	2	22	0	6
971	3	2	22	0	6
972	3	2	22	0	6
973	4	2	22	0	6
974	4	2	22	0	6
975	4	2	22	0	6
976	4	2	22	0	6
977	4	2	22	0	6
978	4	2	22	0	6
979	4	2	22	0	6
980	4	2	22	0	6
981	2	2	22	0	6
982	3	2	22	0	6
983	3	2	22	0	6
984	2	2	22	0	6
985	3	2	22	0	6
986	2	2	22	0	6
987	4	2	22	0	6
988	4	2	22	0	6
989	4	2	22	0	6
990	4	2	22	0	6
991	4	2	22	0	6
992	4	2	22	0	6
993	3	2	22	0	6
994	3	2	22	0	6
995	3	2	22	0	6
996	3	2	22	0	6
997	4	2	22	0	6
998	4	2	22	0	6
999	3	2	22	0	6
1000	3	2	22	0	6
1001	3	2	22	0	6
1002	3	2	22	0	6
1003	3	2	22	0	6
1004	3	2	22	0	6
1005	4	2	22	0	6
1006	3	2	22	0	6
1007	3	2	22	0	6
1008	2	2	22	0	6
1009	3	1	22	0	6
1010	5	3	24	0	6
1011	3	2	24	0	6
1012	3	2	24	0	6
1013	4	3	24	0	6
1014	4	3	24	0	6
1015	5	3	24	0	6
1016	4	3	24	0	6
1017	5	3	24	0	6
1018	5	3	24	0	6
1019	4	3	24	0	6
1020	5	3	24	0	6
1021	4	3	24	0	6
1022	4	3	24	0	6
1023	4	3	24	0	6
1024	4	3	24	0	6
1025	3	3	24	0	6
1026	4	3	24	0	6
1027	4	3	24	0	6
1028	4	3	24	0	6
1029	4	3	24	0	6
1030	4	3	24	0	6
1031	4	3	24	0	6
1032	4	3	24	0	6
1033	4	3	24	0	6
1034	3	2	24	0	6
1035	4	3	24	0	6
1036	3	3	24	0	6
1037	3	3	24	0	6
1038	3	3	24	0	6
1039	3	3	24	0	6
1040	3	3	24	0	6
1041	3	3	24	0	6
1042	3	3	24	0	6
1043	4	3	24	0	6
1044	3	3	24	0	6
1045	4	3	24	0	6
1046	4	3	24	0	6
1047	4	3	24	0	6
1048	4	3	24	0	7
1049	4	3	24	0	7
1050	4	3	24	0	7
1051	3	2	24	0	7
1052	4	3	24	0	7
1053	3	2	24	0	7
1054	3	2	24	0	7
1055	3	2	24	0	7
1056	3	2	24	0	7
1057	3	2	24	0	7
1058	3	2	24	0	7
1059	3	2	24	0	7
1060	3	2	24	0	7
1061	3	2	24	0	7
1062	3	2	24	0	7
1063	3	2	24	0	7
1064	3	2	24	0	7
1065	3	2	24	0	7
1066	3	2	24	0	7
1067	3	2	24	0	7
1068	3	2	24	0	7
1069	1	0	24	0	7
1070	1	0	24	0	7
1071	1	0	24	0	7
1072	1	0	24	0	7
1073	1	0	24	0	7
1074	1	0	24	0	7
1075	1	0	24	0	7
1076	1	0	24	0	7
1077	2	1	24	0	7
1078	1	0	24	0	7
1079	2	1	24	0	7
1080	2	1	24	0	7
1081	0	0	24	0	7
1082	3	2	25	0	7
1083	2	1	25	0	7
1084	2	1	25	0	7
1085	3	2	26	0	7
1086	3	2	26	0	7
1087	3	2	26	0	7
1088	3	2	26	0	7
1089	3	2	26	0	8
1090	3	2	26	0	8
1091	3	2	26	0	8
1092	3	2	26	0	8
1093	3	2	26	0	8
1094	3	2	26	0	8
1095	3	2	26	0	8
1096	3	2	26	0	8
1097	3	2	26	0	8
1098	3	2	26	0	8
1099	3	2	26	0	8
1100	3	2	26	0	8
1101	3	2	26	0	8
1102	2	1	26	0	8
1103	2	1	26	0	8
1104	3	2	26	0	8
1105	3	2	26	0	8
1106	3	2	26	0	8
1107	2	1	26	0	8
1108	1	0	26	0	8
1109	1	0	26	0	8
1110	1	0	26	0	8
1111	1	0	26	0	8
1112	1	0	26	0	8
1113	1	0	26	0	8
1114	1	0	26	0	8
1115	1	0	26	0	8
1116	1	0	26	0	8
1117	1	0	26	0	8
1118	1	0	26	0	8
1119	1	0	26	0	8
1120	2	1	27	0	8
1121	2	1	27	0	8
1122	2	1	27	0	8
1123	1	0	27	0	8
1124	1	0	27	0	8
1125	0	0	27	0	8
1126	0	0	27	0	8
1127	0	0	27	0	8
1128	0	0	27	0	8
1129	0	0	27	0	8
1130	0	0	27	0	8
1131	0	0	27	0	8
1132	0	0	27	0	8
1133	1	0	27	0	8
1134	0	0	27	0	8
1135	2	1	27	0	8
1136	2	1	27	0	8
1137	2	1	27	0	8
1138	1	0	27	0	8
1139	1	0	27	0	8
1140	2	1	27	0	8
1141	2	1	27	0	8
1142	3	2	28	0	8
1143	2	1	28	0	8
1144	3	2	28	0	8
1145	2	1	28	0	8
1146	2	1	28	0	8
1147	3	2	28	0	8
1148	3	2	28	0	8
1149	3	2	28	0	8
1150	2	1	28	0	8
1151	2	1	28	0	8
1152	2	1	28	0	8
1153	2	1	28	0	8
1154	2	1	28	0	8
1155	2	1	28	0	8
1156	1	1	28	0	8
1157	2	1	28	0	8
1158	2	1	28	0	8
1159	2	1	28	0	8
1160	2	1	28	0	8
1161	2	1	28	0	8
1162	2	1	28	0	8
1163	2	1	28	0	8
1164	2	1	28	0	8
1165	2	1	28	0	8
1166	2	1	28	0	8
1167	2	1	28	0	8
1168	3	1	28	0	8
1169	3	1	28	0	8
1170	3	1	28	0	8
1171	3	1	28	0	8
1172	3	1	28	0	8
1173	3	1	28	0	8
1174	2	1	28	0	8
1175	2	1	28	0	8
1176	2	1	28	0	8
1177	2	1	28	0	8
1178	2	1	28	0	8
1179	2	1	28	0	8
1180	2	1	28	0	8
1181	2	1	28	0	8
1182	2	1	28	0	8
1183	3	2	29	0	8
1184	3	2	29	0	8
1185	3	2	29	0	8
1186	2	1	29	0	8
1187	2	1	29	0	8
1188	2	1	29	0	8
1189	2	1	29	0	8
1190	4	2	30	0	8
1191	1	1	30	0	8
1192	2	1	30	0	8
1193	1	1	30	0	8
1194	2	1	30	0	8
1195	2	1	30	0	8
1196	2	1	30	0	8
1197	1	1	30	0	8
1198	1	1	30	0	8
1199	1	1	30	0	8
1200	1	1	30	0	8
1201	1	1	30	0	8
1202	1	1	30	0	8
1203	1	1	30	0	8
1204	1	1	30	0	8
1205	1	1	30	0	8
1206	1	1	30	0	8
1207	1	1	30	0	8
1208	1	1	30	0	8
1209	1	1	30	0	8
1210	1	1	30	0	8
1211	2	1	30	0	8
1212	2	2	31	0	8
1213	2	2	31	0	8
1214	2	2	31	0	8
1215	2	2	31	0	8
1216	3	2	31	0	8
1217	3	2	31	0	8
1218	4	2	31	0	8
1219	2	2	31	0	8
1220	2	2	31	0	8
1221	3	2	31	0	8
1222	3	2	31	0	8
1223	2	2	31	0	8
1224	3	2	31	0	8
1225	2	2	31	0	8
1226	2	2	31	0	8
1227	3	2	31	0	8
1228	2	2	31	0	8
1229	3	2	31	0	8
1230	2	2	31	0	8
1231	2	2	31	0	8
1232	3	2	31	0	8
1233	3	2	31	0	8
1234	3	2	31	0	8
1235	4	2	31	0	8
1236	4	2	31	0	8
1237	4	2	31	0	8
1238	3	2	31	0	8
1239	3	2	31	0	8
1240	3	2	31	0	8
1241	2	1	31	0	8
1242	2	1	31	0	8
1243	2	1	31	0	8
1244	2	1	31	0	8
1245	3	2	31	0	8
1246	2	2	31	0	8
1247	2	2	31	0	8
1248	2	2	31	0	8
1249	0	0	31	0	8
1250	0	0	31	0	8
1251	1	0	31	0	8
1252	1	0	31	0	8
1253	0	0	31	0	8
1254	0	0	31	0	8
1255	1	0	31	0	8
1256	1	0	31	0	8
1257	1	0	31	0	8
1258	2	1	32	0	8
1259	2	1	32	0	8
1260	2	1	32	0	8
1261	2	1	32	0	8
1262	2	1	32	0	8
1263	2	1	32	0	8
1264	1	1	32	0	8
1265	0	0	32	0	8
1266	1	0	32	0	8
1267	1	1	32	0	8
1268	1	1	32	0	8
1269	1	0	32	0	8
1270	1	0	32	0	8
1271	1	0	32	0	8
1272	1	0	32	0	8
1273	1	0	32	0	8
1274	1	0	32	0	8
1275	1	0	32	0	8
1276	1	0	32	0	8
1277	2	1	32	0	8
1278	2	1	33	0	8
1279	2	1	33	0	8
1280	2	1	33	0	8
1281	3	2	33	0	8
1282	1	1	33	0	8
1283	1	1	33	0	8
1284	2	1	33	0	8
1285	2	1	33	0	8
1286	2	1	33	0	8
1287	2	1	33	0	8
1288	2	1	33	0	8
1289	2	1	33	0	8
1290	2	1	33	0	8
1291	2	1	33	0	8
1292	2	1	33	0	8
1293	2	1	33	0	8
1294	2	1	33	0	9
1295	2	1	33	0	9
1296	2	1	33	0	9
1297	2	1	33	0	9
1298	2	1	33	0	9
1299	1	1	33	0	9
1300	1	1	33	0	9
1301	1	1	33	0	9
1302	1	1	33	0	9
1303	0	0	33	0	9
1304	0	0	33	0	9
1305	1	0	33	0	9
1306	0	0	33	0	9
1307	0	0	33	0	9
1308	0	0	33	0	9
1309	1	0	33	0	9
1310	1	0	33	0	9
1311	1	0	33	0	9
1312	1	0	33	0	9
1313	0	0	33	0	9
1314	1	0	33	0	9
1315	1	0	33	0	9
1316	1	0	33	0	9
1317	0	0	33	0	9
1318	0	0	33	0	9
1319	0	0	33	0	9
1320	0	0	33	0	9
1321	1	0	33	0	9
1322	0	0	33	0	9
1323	0	0	33	0	9
1324	0	0	33	0	9
1325	1	0	33	0	9
1326	1	0	33	0	9
1327	0	0	33	0	9
1328	0	0	33	0	9
1329	1	0	33	0	9
1330	1	0	33	0	9
1331	1	0	33	0	9
1332	1	0	33	0	9
1333	1	0	33	0	9
1334	1	0	33	0	9
1335	1	0	33	0	9
1336	1	0	33	0	9
1337	1	0	33	0	9
1338	0	0	33	0	9
1339	1	0	33	0	9
1340	1	0	33	0	9
1341	1	0	33	0	9
1342	1	0	33	0	9
1343	1	0	33	0	9
1344	1	0	33	0	9
1345	1	0	33	0	9
1346	1	0	33	0	9
1347	1	0	33	0	9
1348	0	0	33	0	9
1349	0	0	33	0	9
1350	1	0	33	0	9
1351	0	0	33	0	9
1352	1	0	33	0	9
1353	0	0	33	0	9
1354	0	0	33	0	9
1355	0	0	33	0	9
1356	0	0	33	0	9
1357	0	0	33	0	9
1358	0	0	33	0	9
1359	0	0	33	0	9
1360	1	0	33	0	9
1361	1	0	33	0	9
1362	1	0	33	0	9
1363	1	0	33	0	9
1364	2	1	34	0	9
1365	2	1	34	0	10
1366	2	1	34	0	10
1367	2	1	34	0	10
1368	1	1	34	0	10
1369	2	1	34	0	10
1370	2	1	34	0	10
1371	2	1	34	0	10
1372	2	1	34	0	10
1373	2	1	34	0	10
1374	2	1	34	0	10
1375	1	1	34	0	10
1376	1	1	34	0	10
1377	1	1	34	0	10
1378	1	1	34	0	10
1379	1	1	34	0	10
1380	1	1	34	0	10
1381	2	1	34	0	10
1382	2	1	34	0	10
1383	2	1	34	0	10
1384	2	1	34	0	10
1385	2	1	34	0	10
1386	2	1	34	0	10
1387	2	1	34	0	10
1388	2	1	34	0	10
1389	2	1	34	0	10
1390	2	1	34	0	10
1391	1	1	34	0	10
1392	2	1	34	0	10
1393	2	1	34	0	10
1394	2	1	34	0	10
1395	1	0	34	0	10
1396	2	1	34	0	10
1397	1	1	34	0	10
1398	1	1	34	0	10
1399	0	0	34	0	10
1400	1	1	34	0	10
1401	1	1	34	0	10
1402	2	1	34	0	10
1403	2	1	34	0	10
1404	1	1	34	0	10
1405	2	1	34	0	10
1406	1	1	34	0	10
1407	1	1	34	0	10
1408	1	1	34	0	10
1409	1	1	34	0	10
1410	1	1	34	0	10
1411	1	1	34	0	10
1412	1	1	34	0	10
1413	1	1	34	0	10
1414	0	0	34	0	10
1415	1	0	34	0	10
1416	0	0	34	0	10
1417	0	0	34	0	10
1418	0	0	34	0	10
1419	0	0	34	0	10
1420	1	0	34	0	10
1421	0	0	34	0	10
1422	0	0	34	0	10
1423	1	0	34	0	10
1424	1	0	34	0	10
1425	1	0	34	0	10
1426	2	0	34	0	10
1427	1	0	34	0	10
1428	1	0	34	0	10
1429	1	0	34	0	10
1430	1	0	34	0	10
1431	1	0	34	0	10
1432	1	0	34	0	10
1433	0	0	34	0	10
1434	1	0	34	0	10
1435	1	0	34	0	10
1436	1	0	34	0	10
1437	0	0	34	0	10
1438	1	0	34	0	10
1439	0	0	34	0	10
1440	0	0	34	0	10
1441	1	0	34	0	10
1442	0	0	34	0	10
1443	1	0	34	0	10
1444	1	0	34	0	10
1445	0	0	34	0	10
1446	0	0	34	0	10
1447	1	0	34	0	10
1448	2	0	34	0	10
1449	1	0	34	0	10
1450	1	0	34	0	10
1451	0	0	34	0	10
1452	0	0	34	0	10
1453	1	0	34	0	10
1454	0	0	34	0	10
1455	1	0	34	0	10
1456	1	0	34	0	10
1457	1	0	34	0	10
1458	1	0	34	0	10
1459	1	0	34	0	10
1460	1	0	34	0	10
1461	1	0	34	0	10
1462	1	0	34	0	10
1463	0	0	34	0	10
1464	0	0	34	0	10
1465	1	0	34	0	10
1466	0	0	34	0	10
1467	0	0	34	0	10
1468	0	0	34	0	10
1469	1	0	34	0	10
1470	1	0	34	0	10
1471	1	0	34	0	10
1472	1	0	34	0	10
1473	1	0	34	0	10
1474	1	0	34	0	10
1475	1	0	34	0	10
1476	1	0	34	0	10
1477	1	0	34	0	10
1478	1	0	34	0	10
1479	1	0	34	0	10
1480	1	0	34	0	10
1481	1	0	34	0	10
1482	1	0	34	0	10
1483	1	0	34	0	10
1484	1	0	34	0	10
1485	1	0	34	0	10
1486	1	0	34	0	10
1487	1	0	34	0	10
1488	1	0	34	0	10
1489	1	0	34	0	10
1490	1	0	34	0	10
1491	1	0	34	0	10
1492	1	0	34	0	10
1493	1	0	34	0	10
1494	1	0	34	0	10
1495	0	0	34	0	10
1496	0	0	34	0	10
1497	0	0	34	0	10
1498	0	0	34	0	10
1499	1	0	34	0	10
1500	1	0	34	0	10
1501	0	0	34	0	10
1502	0	0	34	0	10
1503	0	0	34	0	10
1504	0	0	34	0	10
1505	0	0	34	0	10
1506	0	0	34	0	10
1507	0	0	34	0	10
1508	0	0	34	0	10
1509	0	0	34	0	10
1510	1	0	34	0	10
1511	0	0	34	0	10
1512	1	0	34	0	10
1513	0	0	34	0	10
1514	0	0	34	0	10
1515	1	0	34	0	10
1516	1	0	34	0	10
1517	1	0	34	0	10
1518	1	0	34	0	10
1519	1	0	34	0	10
1520	2	0	34	0	10
1521	1	0	34	0	10
1522	2	0	34	0	10
1523	2	0	34	0	10
1524	1	0	34	0	10
1525	2	0	34	0	10
1526	2	0	34	0	10
1527	2	0	34	0	10
1528	2	0	34	0	10
1529	2	0	34	0	10
1530	2	0	34	0	10
1531	2	0	34	0	10
1532	2	0	34	0	10
1533	2	0	34	0	10
1534	2	0	34	0	10
1535	2	0	34	0	10
1536	2	0	34	0	10
1537	2	0	34	0	10
1538	2	0	34	0	10
1539	2	0	34	0	10
1540	2	0	34	0	10
1541	2	0	34	0	10
1542	2	0	34	0	10
1543	2	0	34	0	10
1544	2	0	34	0	10
1545	1	0	34	0	10
1546	0	0	34	0	10
1547	1	0	34	0	10
1548	1	0	34	0	10
1549	2	0	34	0	10
1550	2	0	34	0	10
1551	1	0	34	0	10
1552	1	0	34	0	10
1553	0	0	34	0	10
1554	0	0	34	0	10
1555	0	0	34	0	10
1556	1	0	34	0	10
1557	0	0	34	0	10
1558	1	0	34	0	10
1559	1	0	34	0	10
1560	1	0	34	0	10
1561	1	0	34	0	10
1562	0	0	34	0	10
1563	1	0	34	0	10
1564	0	0	34	0	10
1565	0	0	34	0	10
1566	1	0	34	0	10
1567	0	0	34	0	10
1568	1	0	34	0	10
1569	1	0	34	0	10
1570	0	0	34	0	10
1571	1	0	34	0	10
1572	1	0	34	0	10
1573	1	0	34	0	10
1574	1	0	34	0	10
1575	1	0	34	0	10
1576	1	0	34	0	10
1577	1	0	34	0	10
1578	1	0	34	0	10
1579	1	0	34	0	10
1580	1	0	34	0	10
1581	1	0	34	0	10
1582	1	0	34	0	10
1583	1	0	34	0	10
1584	1	0	34	0	10
1585	1	0	34	0	10
1586	1	0	34	0	10
1587	1	0	34	0	10
1588	1	0	34	0	10
1589	1	0	34	0	10
1590	1	0	34	0	10
1591	1	0	34	0	10
1592	1	0	34	0	10
1593	1	0	34	0	10
1594	0	0	34	0	10
1595	0	0	34	0	10
1596	0	0	34	0	10
1597	0	0	34	0	10
1598	0	0	34	0	10
1599	0	0	34	0	10
1600	0	0	34	0	10
1601	0	0	34	0	10
1602	0	0	34	0	10
1603	1	0	34	0	10
1604	0	0	34	0	10
1605	1	0	34	0	10
1606	1	0	34	0	10
1607	1	0	34	0	10
1608	1	0	34	0	10
1609	0	0	34	0	10
1610	1	0	34	0	10
1611	1	0	34	0	10
1612	1	0	34	0	10
1613	1	0	34	0	10
1614	1	0	34	0	10
1615	1	0	34	0	10
1616	1	0	34	0	10
1617	1	0	34	0	10
1618	1	0	34	0	10
1619	1	0	34	0	10
1620	1	0	34	0	10
1621	1	0	34	0	10
1622	1	0	34	0	10
1623	1	0	34	0	10
1624	1	0	34	0	10
1625	1	0	34	0	10
1626	1	0	34	0	10
1627	1	0	34	0	10
1628	1	0	34	0	10
1629	1	0	34	0	10
1630	0	0	34	0	10
1631	0	0	34	0	10
1632	0	0	34	0	10
1633	0	0	34	0	10
1634	0	0	34	0	10
1635	0	0	34	0	10
1636	0	0	34	0	10
1637	0	0	34	0	10
1638	0	0	34	0	10
1639	0	0	34	0	10
1640	0	0	34	0	10
1641	1	0	34	0	10
1642	1	0	34	0	10
1643	1	0	34	0	10
1644	0	0	34	0	10
1645	1	0	34	0	10
1646	1	0	34	0	10
1647	0	0	34	0	10
1648	0	0	34	0	10
1649	0	0	34	0	10
1650	0	0	34	0	10
1651	1	0	34	0	10
1652	1	0	34	0	10
1653	0	0	34	0	10
1654	0	0	34	0	10
1655	0	0	34	0	10
1656	1	0	34	0	10
1657	1	0	34	0	10
1658	1	0	34	0	10
1659	1	0	34	0	10
1660	1	0	34	0	10
1661	1	0	34	0	10
1662	0	0	34	0	10
1663	1	0	34	0	10
1664	1	0	34	0	10
1665	1	0	34	0	10
1666	1	0	34	0	10
1667	1	0	34	0	10
1668	1	0	34	0	10
1669	1	0	34	0	10
1670	1	0	34	0	10
1671	1	0	34	0	10
1672	1	0	34	0	10
1673	1	0	34	0	10
1674	1	0	34	0	10
1675	0	0	34	0	10
1676	0	0	34	0	10
1677	0	0	34	0	10
1678	0	0	34	0	10
1679	0	0	34	0	10
1680	0	0	34	0	10
1681	0	0	34	0	10
1682	0	0	34	0	10
1683	0	0	34	0	10
1684	0	0	34	0	10
1685	0	0	34	0	10
1686	0	0	34	0	10
1687	0	0	34	0	10
1688	0	0	34	0	10
1689	1	0	34	0	10
1690	0	0	34	0	10
1691	1	0	34	0	10
1692	1	0	34	0	10
1693	1	0	34	0	10
1694	1	0	34	0	10
1695	1	0	34	0	10
1696	1	0	34	0	10
1697	1	0	34	0	10
1698	1	0	34	0	10
1699	1	0	34	0	10
1700	1	0	34	0	10
1701	1	0	34	0	10
1702	1	0	34	0	10
1703	1	0	34	0	10
1704	1	0	34	0	10
1705	1	0	34	0	10
1706	1	0	34	0	10
1707	1	0	34	0	10
1708	1	0	34	0	10
1709	1	0	34	0	10
1710	1	0	34	0	10
1711	1	0	34	0	10
1712	1	0	34	0	10
1713	1	0	34	0	10
1714	1	0	34	0	10
1715	1	0	34	0	10
1716	1	0	34	0	10
1717	1	0	34	0	10
1718	1	0	34	0	10
1719	1	0	34	0	10
1720	1	0	34	0	10
1721	1	0	34	0	10
1722	1	0	34	0	10
1723	1	0	34	0	10
1724	1	0	34	0	10
1725	0	0	34	0	10
1726	1	0	34	0	10
1727	1	0	34	0	10
1728	1	0	34	0	10
1729	1	0	34	0	10
1730	1	0	34	0	10
1731	1	0	34	0	10
1732	0	0	34	0	10
1733	0	0	34	0	10
1734	0	0	34	0	10
1735	0	0	34	0	10
1736	0	0	34	0	10
1737	0	0	34	0	10
1738	0	0	34	0	10
1739	0	0	34	0	10
1740	0	0	34	0	10
1741	1	0	34	0	10
1742	1	0	34	0	10
1743	1	0	34	0	10
1744	1	0	34	0	10
1745	1	0	34	0	10
1746	1	0	34	0	10
1747	1	0	34	0	10
1748	1	0	34	0	10
1749	1	0	34	0	10
1750	1	0	34	0	10
1751	0	0	34	0	10
1752	1	0	34	0	10
1753	1	0	34	0	10
1754	0	0	34	0	10
1755	0	0	34	0	10
1756	1	0	34	0	10
1757	1	0	34	0	10
1758	0	0	34	0	10
1759	1	0	34	0	10
1760	1	0	34	0	10
1761	2	0	34	0	10
1762	0	0	34	0	10
1763	1	0	34	0	10
1764	1	0	34	0	10
1765	1	0	34	0	10
1766	1	0	34	0	10
1767	1	0	34	0	10
1768	1	0	34	0	10
1769	1	0	34	0	10
1770	1	0	34	0	10
1771	0	0	34	0	10
1772	0	0	34	0	10
1773	0	0	34	0	10
1774	1	0	34	0	10
1775	1	0	34	0	10
1776	1	0	34	0	10
1777	1	0	34	0	10
1778	1	0	34	0	10
1779	1	0	34	0	10
1780	1	0	34	0	10
1781	2	1	35	0	10
1782	2	1	35	0	10
1783	2	1	35	0	10
1784	2	1	35	0	10
1785	2	1	35	0	10
1786	2	1	35	0	10
1787	2	1	35	0	10
1788	2	1	35	0	10
1789	2	1	35	0	10
1790	2	1	35	0	10
1791	2	1	35	0	10
1792	2	1	35	0	10
1793	2	1	35	0	10
1794	2	1	35	0	10
1795	2	1	35	0	10
1796	2	1	35	0	10
1797	2	1	35	0	10
1798	2	1	35	0	10
1799	2	1	35	0	10
1800	2	1	35	0	10
1801	2	1	35	0	10
1802	2	1	35	0	10
1803	2	1	35	0	10
1804	2	1	35	0	10
1805	2	1	35	0	10
1806	2	1	35	0	10
1807	2	1	35	0	10
1808	2	1	35	0	10
1809	2	1	35	0	10
1810	2	1	35	0	10
1811	2	1	35	0	10
1812	2	1	35	0	10
1813	2	1	35	0	10
1814	3	2	36	0	10
1815	2	1	36	0	10
1816	3	2	36	0	10
1817	3	2	36	0	10
1818	3	2	36	0	10
1819	2	1	36	0	10
1820	2	1	36	0	10
1821	2	1	36	0	10
1822	3	2	36	0	10
1823	2	1	36	0	10
1824	2	1	36	0	10
1825	1	1	36	0	10
1826	1	1	36	0	10
1827	2	1	36	0	10
1828	1	1	36	0	10
1829	2	1	36	0	10
1830	2	1	36	0	10
1831	2	1	36	0	10
1832	2	1	36	0	10
1833	2	1	36	0	10
1834	3	2	37	0	10
1835	3	2	37	0	10
1836	3	2	37	0	10
1837	2	1	37	0	10
1838	4	2	38	0	10
1839	3	1	38	0	10
1840	3	1	38	0	11
1841	3	1	38	0	11
1842	3	1	38	0	11
1843	2	1	38	0	11
1844	2	1	38	0	11
1845	1	0	38	0	11
1846	1	0	38	0	11
1847	1	0	38	0	11
1848	1	0	38	0	11
1849	1	0	38	0	11
1850	1	0	38	0	11
1851	1	0	38	0	11
1852	1	0	38	0	11
1853	2	0	38	0	11
1854	2	0	38	0	11
1855	2	0	38	0	11
1856	1	0	38	0	11
1857	1	0	38	0	11
1858	1	0	38	0	11
1859	1	0	38	0	11
1860	1	0	38	0	11
1861	1	0	38	0	11
1862	1	0	38	0	11
1863	1	0	38	0	11
1864	1	0	38	0	11
1865	1	0	38	0	11
1866	1	0	38	0	11
1867	1	0	38	0	11
1868	1	0	38	0	11
1869	1	0	38	0	11
1870	1	0	38	0	11
1871	1	0	38	0	11
1872	1	0	38	0	11
1873	0	0	38	0	11
1874	1	0	38	0	11
1875	1	0	38	0	11
1876	1	0	38	0	11
1877	1	0	38	0	11
1878	1	0	38	0	11
1879	1	0	38	0	11
1880	1	0	38	0	11
1881	1	0	38	0	11
1882	1	0	38	0	11
1883	1	0	38	0	11
1884	1	0	38	0	11
1885	1	0	38	0	11
1886	1	0	38	0	11
1887	1	0	38	0	11
1888	0	0	38	0	11
1889	0	0	38	0	11
1890	1	0	38	0	11
1891	1	0	38	0	11
1892	1	0	38	0	11
1893	0	0	38	0	11
1894	0	0	38	0	11
1895	0	0	38	0	11
1896	0	0	38	0	11
1897	0	0	38	0	11
1898	0	0	38	0	11
1899	0	0	38	0	11
1900	1	0	38	0	11
1901	1	1	39	0	11
1902	1	1	39	0	11
1903	1	0	39	0	11
1904	2	1	39	0	11
1905	0	0	39	0	11
1906	2	1	39	0	11
1907	2	1	39	0	11
1908	2	1	39	0	11
1909	2	1	39	0	11
1910	2	1	39	0	11
1911	2	1	39	0	11
1912	1	0	39	0	11
1913	0	0	39	0	11
1914	1	0	39	0	11
1915	0	0	39	0	11
1916	1	1	40	0	11
1917	1	1	40	0	11
1918	1	1	40	0	11
1919	0	0	40	0	11
1920	0	0	40	0	11
1921	0	0	40	0	11
1922	1	1	40	0	12
1923	2	1	40	0	12
1924	2	1	40	0	12
1925	2	1	40	0	12
1926	3	2	41	0	12
1927	1	1	41	0	12
1928	1	1	41	0	12
1929	1	1	41	0	12
1930	2	1	41	0	12
1931	2	1	41	0	12
1932	2	1	41	0	12
1933	2	1	41	0	12
1934	2	1	41	0	12
1935	2	1	41	0	12
1936	2	1	41	0	12
1937	2	1	41	0	12
1938	2	1	41	0	12
1939	2	1	41	0	12
1940	1	1	41	0	12
1941	1	1	41	0	12
1942	1	1	41	0	12
1943	1	1	41	0	12
1944	1	1	41	0	12
1945	0	0	41	0	12
1946	0	0	41	0	12
1947	1	1	41	0	12
1948	1	0	41	0	12
1949	1	0	41	0	12
1950	2	0	41	0	12
1951	1	0	41	0	12
1952	1	0	41	0	12
1953	2	0	41	0	12
1954	2	0	41	0	12
1955	3	1	41	0	12
1956	3	1	41	0	12
1957	2	0	41	0	12
1958	2	0	41	0	12
1959	2	0	41	0	12
1960	2	0	41	0	12
1961	2	0	41	0	12
1962	2	0	41	0	12
1963	1	0	41	0	12
1964	0	0	41	0	12
1965	0	0	41	0	12
1966	1	0	41	0	12
1967	1	0	41	0	12
1968	2	0	41	0	12
1969	2	0	41	0	12
1970	2	0	41	0	12
1971	2	0	41	0	12
1972	1	0	41	0	12
1973	1	0	41	0	12
1974	0	0	41	0	12
1975	0	0	41	0	12
1976	0	0	41	0	12
1977	1	0	41	0	12
1978	3	1	42	0	12
1979	3	1	42	0	12
1980	2	0	42	0	12
1981	2	0	42	0	12
1982	1	0	42	0	12
1983	2	1	43	0	12
1984	2	1	43	0	12
1985	2	1	43	0	12
1986	2	0	43	0	12
1987	1	0	43	0	12
1988	2	0	43	0	12
1989	3	1	44	0	12
1990	3	1	44	0	12
1991	3	1	44	0	12
1992	1	0	44	0	12
1993	1	0	44	0	12
1994	2	1	44	0	12
1995	2	1	44	0	12
1996	2	1	44	0	12
1997	2	1	44	0	12
1998	2	1	44	0	12
1999	2	1	44	0	12
2000	2	1	44	0	12
2001	2	1	44	0	12
2002	2	1	44	0	12
2003	2	1	44	0	12
2004	1	0	44	0	12
2005	1	0	44	0	12
2006	1	0	44	0	12
2007	1	0	44	0	12
2008	1	0	44	0	12
2009	1	0	44	0	12
2010	1	0	44	0	12
2011	0	0	44	0	12
2012	1	0	44	0	12
2013	1	0	44	0	12
2014	1	0	44	0	12
2015	1	0	44	0	12
2016	1	0	44	0	12
2017	1	0	44	0	12
2018	1	0	44	0	12
2019	1	0	44	0	12
2020	1	0	44	0	12
2021	1	0	44	0	12
2022	1	0	44	0	12
2023	1	0	44	0	12
2024	1	0	44	0	12
2025	1	0	44	0	12
2026	1	0	44	0	12
2027	1	0	44	0	12
2028	1	0	44	0	12
2029	1	0	44	0	12
2030	1	0	44	0	12
2031	1	0	44	0	12
2032	1	0	44	0	12
2033	1	0	44	0	12
2034	1	0	44	0	12
2035	1	0	44	0	12
2036	1	0	44	0	12
2037	1	0	44	0	12
2038	1	0	44	0	12
2039	1	0	44	0	12
2040	1	0	44	0	12
2041	1	0	44	0	12
2042	0	0	44	0	12
2043	1	0	44	0	12
2044	1	0	44	0	12
2045	1	0	44	0	12
2046	1	0	44	0	12
2047	1	0	44	0	12
2048	1	0	44	0	12
2049	1	0	44	0	12
2050	1	0	44	0	12
2051	1	0	44	0	12
2052	1	0	44	0	12
2053	1	0	44	0	12
2054	1	0	44	0	12
2055	1	0	44	0	12
2056	1	0	44	0	12
2057	1	0	44	0	12
2058	1	0	44	0	12
2059	2	1	45	0	12
2060	3	2	46	0	12
2061	2	1	46	0	12
2062	3	2	47	0	12
2063	3	2	47	0	12
2064	3	2	47	0	12
2065	3	2	47	0	13
2066	3	2	47	0	13
2067	2	1	47	0	13
2068	2	1	47	0	13
2069	2	1	47	0	13
2070	2	1	47	0	13
2071	2	1	47	0	13
2072	2	1	47	0	13
2073	2	1	47	0	13
2074	2	1	47	0	13
2075	1	0	47	0	13
2076	1	0	47	0	13
2077	2	1	47	0	13
2078	2	1	47	0	13
2079	1	0	47	0	13
2080	1	0	47	0	13
2081	1	0	47	0	13
2082	1	0	47	0	13
2083	1	0	47	0	13
2084	1	0	47	0	13
2085	1	0	47	0	13
2086	1	0	47	0	13
2087	1	0	47	0	13
2088	1	0	47	0	13
2089	3	2	49	0	13
2090	2	1	49	0	13
2091	2	1	49	0	13
2092	2	1	49	0	13
2093	3	1	49	0	13
2094	2	1	49	0	13
2095	3	2	50	0	13
2096	1	1	50	0	13
2097	1	1	50	0	13
2098	1	1	50	0	13
2099	2	2	51	0	13
2100	3	2	51	0	13
2101	3	2	51	0	13
2102	3	2	51	0	13
2103	3	2	51	0	13
2104	2	2	51	0	13
2105	3	2	51	0	13
2106	3	2	51	0	14
2107	3	2	51	0	14
2108	3	2	51	0	14
2109	3	1	51	0	14
2110	4	2	51	0	14
2111	4	2	51	0	14
2112	3	1	51	0	14
2113	3	1	51	0	14
2114	2	1	51	0	14
2115	2	1	51	0	14
2116	2	1	51	0	14
2117	1	1	51	0	14
2118	2	1	51	0	14
2119	2	1	51	0	14
2120	2	1	51	0	14
2121	2	1	51	0	14
2122	2	1	51	0	14
2123	2	1	51	0	14
2124	3	1	51	0	14
2125	3	1	51	0	14
2126	2	1	51	0	15
2127	2	1	51	0	15
2128	2	1	51	0	15
2129	2	1	51	0	15
2130	2	1	51	0	15
2131	2	1	51	0	15
2132	1	0	51	0	15
2133	1	0	51	0	15
2134	1	0	51	0	15
2135	1	0	51	0	15
2136	0	0	51	0	15
2137	0	0	51	0	15
2138	1	0	51	0	15
2139	1	0	51	0	15
2140	1	0	51	0	15
2141	1	0	51	0	15
2142	0	0	51	0	15
2143	1	0	51	0	15
2144	0	0	51	0	15
2145	1	0	51	0	15
2146	0	0	51	0	15
2147	0	0	51	0	15
2148	0	0	51	0	15
2149	1	0	51	0	15
2150	0	0	51	0	15
2151	0	0	51	0	15
2152	0	0	51	0	15
2153	0	0	51	0	15
2154	0	0	51	0	15
2155	0	0	51	0	15
2156	1	0	51	0	15
2157	0	0	51	0	15
2158	0	0	51	0	15
2159	0	0	51	0	15
2160	0	0	51	0	15
2161	0	0	51	0	15
2162	1	0	51	0	15
2163	0	0	51	0	15
2164	1	0	51	0	15
2165	1	0	51	0	15
2166	0	0	51	0	15
2167	0	0	51	0	15
2168	1	0	51	0	15
2169	1	0	51	0	15
2170	1	0	51	0	15
2171	1	0	51	0	15
2172	1	0	51	0	15
2173	1	0	51	0	15
2174	1	0	51	0	15
2175	1	0	51	0	15
2176	1	0	51	0	15
2177	1	0	51	0	15
2178	0	0	51	0	15
2179	1	0	51	0	15
2180	1	0	51	0	15
2181	0	0	51	0	15
2182	1	0	51	0	15
2183	1	0	51	0	15
2184	1	0	51	0	15
2185	2	0	51	0	15
2186	2	0	51	0	15
2187	2	0	51	0	15
2188	1	0	51	0	15
2189	1	0	51	0	15
2190	1	0	51	0	15
2191	1	0	51	0	15
2192	1	0	51	0	15
2193	1	0	51	0	15
2194	1	0	51	0	15
2195	1	0	51	0	15
2196	2	0	51	0	15
2197	2	0	51	0	15
2198	2	0	51	0	15
2199	2	0	51	0	15
2200	1	0	51	0	15
2201	1	0	51	0	15
2202	1	0	51	0	15
2203	1	0	51	0	15
2204	1	0	51	0	15
2205	1	0	51	0	15
2206	1	0	51	0	15
2207	0	0	51	0	15
2208	0	0	51	0	15
2209	0	0	51	0	15
2210	0	0	51	0	15
2211	0	0	51	0	15
2212	0	0	51	0	15
2213	0	0	51	0	15
2214	0	0	51	0	15
2215	0	0	51	0	15
2216	0	0	51	0	15
2217	0	0	51	0	15
2218	1	0	51	0	15
2219	1	0	51	0	15
2220	1	0	51	0	15
2221	1	0	51	0	15
2222	1	0	51	0	15
2223	1	0	51	0	15
2224	1	0	51	0	15
2225	1	0	51	0	15
2226	0	0	51	0	15
2227	0	0	51	0	15
2228	0	0	51	0	15
2229	0	0	51	0	15
2230	1	0	51	0	15
2231	2	1	52	0	15
2232	2	1	52	0	15
2233	2	1	52	0	15
2234	2	1	52	0	15
2235	2	1	52	0	15
2236	0	0	52	0	15
2237	0	0	52	0	15
2238	1	0	52	0	15
2239	1	0	52	0	15
2240	1	0	52	0	15
2241	0	0	52	0	15
2242	1	1	52	0	15
2243	1	1	52	0	15
2244	2	1	52	0	15
2245	1	1	52	0	15
2246	2	1	52	0	15
2247	2	1	52	0	15
2248	2	1	52	0	15
2249	2	1	52	0	15
2250	1	0	52	0	15
2251	1	0	52	0	15
2252	1	0	52	0	15
2253	1	0	52	0	15
2254	2	1	52	0	15
2255	2	1	52	0	15
2256	1	0	52	0	15
2257	1	0	52	0	15
2258	1	0	52	0	15
2259	1	0	52	0	15
2260	2	1	52	0	15
2261	2	1	52	0	15
2262	2	1	52	0	15
2263	2	1	52	0	15
2264	2	1	52	0	15
2265	2	1	52	0	15
2266	2	1	52	0	15
2267	2	1	52	0	15
2268	2	1	52	0	15
2269	2	1	52	0	15
2270	2	1	52	0	15
2271	2	1	52	0	15
2272	2	1	52	0	15
2273	2	1	52	0	15
2274	2	1	52	0	15
2275	2	1	52	0	15
2276	2	1	52	0	15
2277	2	1	52	0	15
2278	2	1	52	0	15
2279	2	1	52	0	15
2280	2	1	52	0	15
2281	2	1	52	0	15
2282	1	1	52	0	15
2283	3	1	52	0	15
2284	2	1	52	0	15
2285	2	1	52	0	15
2286	3	1	52	0	15
2287	3	2	53	0	15
2288	1	1	53	0	15
2289	1	1	53	0	15
2290	1	1	53	0	15
2291	1	1	53	0	15
2292	1	1	53	0	15
2293	2	1	53	0	15
2294	1	0	53	0	15
2295	1	0	53	0	15
2296	2	1	53	0	15
2297	2	1	53	0	15
2298	2	1	53	0	15
2299	2	1	53	0	15
2300	2	1	53	0	15
2301	2	1	53	0	15
2302	3	1	53	0	15
2303	2	1	53	0	15
2304	1	1	53	0	15
2305	1	1	53	0	15
2306	3	1	53	0	15
2307	2	1	53	0	15
2308	1	1	53	0	15
2309	1	1	53	0	15
2310	1	1	53	0	15
2311	1	1	53	0	15
2312	1	1	53	0	16
2313	1	1	53	0	16
2314	2	1	53	0	16
2315	1	1	53	0	16
2316	1	1	53	0	16
2317	1	1	53	0	16
2318	2	1	53	0	16
2319	2	1	53	0	16
2320	0	0	53	0	16
2321	0	0	53	0	16
2322	1	1	53	0	16
2323	0	0	53	0	16
2324	0	0	53	0	16
2325	0	0	53	0	16
2326	2	1	53	0	16
2327	2	1	53	0	16
2328	1	0	53	0	16
2329	1	0	53	0	16
2330	0	0	53	0	16
2331	0	0	53	0	16
2332	0	0	53	0	16
2333	0	0	53	0	16
2334	0	0	53	0	16
2335	0	0	53	0	16
2336	1	0	53	0	16
2337	1	0	53	0	16
2338	1	0	53	0	16
2339	1	0	53	0	16
2340	1	0	53	0	16
2341	1	0	53	0	16
2342	1	0	53	0	16
2343	1	0	53	0	16
2344	1	0	53	0	16
2345	1	0	53	0	16
2346	1	0	53	0	16
2347	1	0	53	0	16
2348	1	0	53	0	16
2349	1	0	53	0	16
2350	1	0	53	0	16
2351	1	0	53	0	16
2352	1	0	53	0	16
2353	1	0	53	0	16
2354	1	0	53	0	16
2355	1	0	53	0	16
2356	1	0	53	0	16
2357	1	0	53	0	16
2358	1	0	53	0	16
2359	1	0	53	0	16
2360	1	0	53	0	16
2361	2	1	54	0	16
2362	2	1	54	0	16
2363	2	1	54	0	16
2364	0	0	54	0	16
2365	2	1	54	0	17
2366	2	1	54	0	17
2367	2	1	54	0	17
2368	1	1	54	0	17
2369	1	1	54	0	17
2370	1	1	54	0	17
2371	2	1	54	0	17
2372	2	1	54	0	17
2373	1	1	54	0	17
2374	1	1	54	0	17
2375	1	1	54	0	17
2376	1	1	54	0	17
2377	2	1	54	0	17
2378	1	0	54	0	17
2379	1	0	54	0	17
2380	1	0	54	0	17
2381	1	0	54	0	17
2382	1	0	54	0	17
2383	1	0	54	0	17
2384	1	0	54	0	17
2385	1	0	54	0	17
2386	1	0	54	0	17
2387	1	0	54	0	17
2388	1	0	54	0	17
2389	1	0	54	0	17
2390	1	0	54	0	17
2391	1	0	54	0	17
2392	1	0	54	0	17
2393	1	0	54	0	17
2394	1	0	54	0	17
2395	1	0	54	0	17
2396	1	0	54	0	17
2397	2	1	55	0	17
2398	2	1	55	0	17
2399	2	1	55	0	17
2400	1	0	55	0	17
2401	1	0	55	0	17
2402	1	0	55	0	17
2403	1	0	55	0	17
2404	0	0	55	0	17
2405	0	0	55	0	17
2406	1	0	55	0	17
2407	1	0	55	0	17
2408	1	1	55	0	17
2409	2	1	55	0	17
2410	0	0	55	0	17
2411	0	0	55	0	17
2412	0	0	55	0	17
2413	1	1	56	0	17
2414	2	1	56	0	17
2415	3	2	57	0	17
2416	2	1	57	0	17
2417	2	1	57	0	17
2418	2	1	57	0	17
2419	1	1	57	0	17
2420	1	1	57	0	17
2421	1	1	57	0	18
2422	1	1	57	0	18
2423	1	1	57	0	18
2424	1	1	57	0	18
2425	1	1	57	0	18
2426	1	1	57	0	18
2427	2	2	58	0	18
2428	2	1	58	0	18
2429	1	1	58	0	19
2430	0	0	58	0	19
2431	0	0	58	0	19
2432	1	1	58	0	19
2433	1	1	58	0	19
2434	1	1	58	0	19
2435	1	1	58	0	19
2436	1	1	58	0	19
2437	1	1	58	0	19
2438	1	1	58	0	19
2439	1	1	58	0	19
2440	1	1	58	0	19
2441	1	1	58	0	19
2442	1	1	58	0	19
2443	1	1	58	0	19
2444	1	1	58	0	19
2445	1	1	58	0	19
2446	1	1	58	0	19
2447	1	1	58	0	19
2448	1	1	58	0	19
2449	2	1	58	0	19
2450	2	1	58	0	19
2451	2	1	58	0	19
2452	2	1	58	0	19
2453	2	1	58	0	19
2454	2	1	58	0	19
2455	2	1	58	0	19
2456	1	1	58	0	19
2457	1	1	58	0	19
2458	1	1	58	0	19
2459	2	2	59	0	19
2460	1	1	59	0	19
2461	2	2	60	0	19
2462	2	2	60	0	19
2463	3	2	60	0	19
2464	1	1	60	0	19
2465	2	2	60	0	19
2466	3	3	61	0	19
2467	2	2	61	0	19
2468	3	2	61	0	19
2469	2	2	61	0	19
2470	2	2	61	0	19
2471	2	2	61	0	19
2472	2	2	61	0	19
2473	2	2	61	0	19
2474	2	2	61	0	19
2475	2	2	61	0	19
2476	2	2	61	0	19
2477	2	2	61	0	19
2478	2	2	61	0	19
2479	3	2	61	0	19
2480	2	2	61	0	19
2481	2	2	61	0	19
2482	2	2	61	0	19
2483	2	2	61	0	19
2484	2	2	61	0	19
2485	1	1	61	0	19
2486	1	1	61	0	19
2487	1	1	61	0	19
2488	2	2	62	0	19
2489	2	2	62	0	19
2490	2	2	62	0	19
2491	3	3	62	0	19
2492	2	2	62	0	19
2493	3	3	62	0	19
2494	3	3	62	0	19
2495	4	3	62	0	19
2496	3	3	62	0	19
2497	3	3	62	0	19
2498	3	3	62	0	20
2499	3	3	62	0	20
2500	3	3	62	0	20
2501	4	3	62	0	20
2502	4	3	62	0	20
2503	4	3	62	0	20
2504	3	3	62	0	20
2505	3	3	62	0	20
2506	3	3	62	0	20
2507	3	3	62	0	20
2508	3	3	62	0	21
2509	3	3	62	0	21
2510	4	3	62	0	21
2511	3	2	62	0	21
2512	4	3	62	0	21
2513	4	3	62	0	21
2514	5	3	62	0	21
2515	3	2	62	0	21
2516	2	2	62	0	21
2517	3	3	62	0	21
2518	3	3	62	0	21
2519	3	3	62	0	21
2520	3	3	62	0	21
2521	3	3	62	0	21
2522	3	3	62	0	21
2523	4	4	63	0	21
2524	3	3	63	0	21
2525	3	3	63	0	21
2526	3	3	63	0	21
2527	3	3	63	0	21
2528	3	3	63	0	21
2529	3	3	63	0	21
2530	4	3	63	0	21
2531	4	3	63	0	21
2532	4	3	63	0	21
2533	4	3	63	0	21
2534	4	3	63	0	21
2535	4	3	63	0	21
2536	4	3	63	0	21
2537	3	2	63	0	21
2538	3	2	63	0	21
2539	2	2	63	0	21
2540	1	1	63	0	21
2541	1	1	63	0	21
2542	2	1	63	0	21
2543	1	1	63	0	21
2544	1	1	63	0	21
2545	1	1	63	0	21
2546	1	1	63	0	21
2547	1	1	63	0	21
2548	2	1	63	0	21
2549	1	1	63	0	21
2550	1	1	63	0	21
2551	1	1	63	0	21
2552	2	1	63	0	21
2553	2	1	63	0	21
2554	2	1	63	0	21
2555	2	1	63	0	21
2556	2	1	63	0	21
2557	2	1	63	0	21
2558	2	1	63	0	21
2559	2	1	63	0	21
2560	2	1	63	0	21
2561	2	1	63	0	21
2562	2	1	63	0	21
2563	2	1	63	0	21
2564	1	1	63	0	21
2565	2	1	63	0	21
2566	1	1	63	0	21
2567	1	1	63	0	21
2568	1	1	63	0	21
2569	1	1	63	0	21
2570	1	1	63	0	21
2571	1	1	63	0	21
2572	1	1	63	0	21
2573	1	1	63	0	21
2574	1	1	63	0	21
2575	1	1	63	0	21
2576	2	1	63	0	21
2577	2	1	63	0	21
2578	2	1	63	0	21
2579	2	1	63	0	21
2580	2	1	63	0	21
2581	2	1	63	0	21
2582	2	1	63	0	21
2583	2	1	63	0	21
2584	2	1	63	0	21
2585	2	1	63	0	21
2586	2	1	63	0	21
2587	2	1	63	0	21
2588	2	1	63	0	21
2589	2	1	63	0	21
2590	2	1	63	0	21
2591	2	1	63	0	21
2592	2	1	63	0	21
2593	2	1	63	0	21
2594	2	1	63	0	21
2595	2	1	63	0	21
2596	2	1	63	0	21
2597	2	1	63	0	21
2598	2	1	63	0	21
2599	1	1	63	0	21
2600	2	1	63	0	21
2601	2	1	63	0	21
2602	2	1	63	0	21
2603	2	1	63	0	21
2604	2	1	63	0	21
2605	2	1	63	0	21
2606	1	1	63	0	21
2607	1	1	63	0	21
2608	2	1	63	0	21
2609	2	1	63	0	21
2610	1	1	63	0	21
2611	1	1	63	0	21
2612	2	1	63	0	21
2613	3	1	63	0	21
2614	2	1	63	0	21
2615	2	1	63	0	21
2616	2	0	63	0	21
2617	1	0	63	0	21
2618	3	1	63	0	21
2619	2	0	63	0	21
2620	1	0	63	0	21
2621	1	0	63	0	21
2622	2	1	63	0	21
2623	1	0	63	0	21
2624	1	0	63	0	21
2625	1	0	63	0	21
2626	1	0	63	0	21
2627	0	0	63	0	21
2628	2	1	63	0	21
2629	2	1	63	0	21
2630	2	1	63	0	21
2631	2	1	63	0	21
2632	1	0	63	0	21
2633	1	0	63	0	21
2634	1	0	63	0	21
2635	1	0	63	0	21
2636	1	0	63	0	21
2637	0	0	63	0	21
2638	0	0	63	0	21
2639	0	0	63	0	21
2640	1	0	63	0	21
2641	1	0	63	0	21
2642	0	0	63	0	21
2643	0	0	63	0	21
2644	0	0	63	0	21
2645	0	0	63	0	21
2646	0	0	63	0	21
2647	0	0	63	0	21
2648	1	0	63	0	21
2649	1	0	63	0	21
2650	1	0	63	0	21
2651	1	0	63	0	21
2652	1	0	63	0	21
2653	1	0	63	0	21
2654	1	0	63	0	21
2655	1	0	63	0	21
2656	1	0	63	0	21
2657	1	0	63	0	21
2658	1	0	63	0	21
2659	1	0	63	0	21
2660	1	0	63	0	21
2661	1	0	63	0	21
2662	0	0	63	0	21
2663	0	0	63	0	21
2664	0	0	63	0	21
2665	0	0	63	0	21
2666	1	0	63	0	21
2667	0	0	63	0	21
2668	1	0	63	0	21
2669	1	0	63	0	21
2670	0	0	63	0	21
2671	0	0	63	0	21
2672	1	0	63	0	21
2673	1	0	63	0	21
2674	1	0	63	0	21
2675	1	0	63	0	21
2676	1	0	63	0	21
2677	1	0	63	0	21
2678	1	0	63	0	21
2679	1	0	63	0	21
2680	1	0	63	0	21
2681	1	0	63	0	21
2682	1	0	63	0	21
2683	1	0	63	0	21
2684	1	0	63	0	21
2685	1	0	63	0	21
2686	1	0	63	0	21
2687	2	1	64	0	21
2688	2	1	64	0	21
2689	2	1	64	0	21
2690	1	0	64	0	21
2691	1	0	64	0	21
2692	1	0	64	0	21
2693	2	1	65	0	21
2694	2	1	65	0	21
2695	2	1	65	0	22
2696	2	1	65	0	22
2697	2	1	65	0	22
2698	2	1	65	0	22
2699	3	1	65	0	22
2700	2	1	65	0	22
2701	2	1	65	0	22
2702	1	1	65	0	22
2703	1	1	65	0	22
2704	1	1	65	0	22
2705	1	1	65	0	22
2706	1	1	65	0	22
2707	1	1	65	0	22
2708	1	1	65	0	22
2709	1	1	65	0	22
2710	2	1	65	0	22
2711	2	1	65	0	22
2712	2	1	65	0	22
2713	2	1	65	0	22
2714	3	1	65	0	22
2715	4	1	65	0	22
2716	3	1	65	0	22
2717	3	1	65	0	22
2718	3	1	65	0	22
2719	4	2	66	0	22
2720	5	2	66	0	22
2721	6	3	67	0	22
2722	3	3	67	0	22
2723	3	3	67	0	22
2724	2	2	67	0	22
2725	1	1	67	0	22
2726	3	2	67	0	22
2727	3	2	67	0	22
2728	3	2	67	0	22
2729	3	2	67	0	22
2730	4	2	67	0	23
2731	4	2	67	0	23
2732	4	2	67	0	23
2733	4	2	67	0	23
2734	4	3	67	0	23
2735	5	3	67	0	23
2736	3	3	67	0	23
2737	3	3	67	0	23
2738	4	3	67	0	23
2739	4	3	67	0	23
2740	4	3	67	0	23
2741	4	3	67	0	23
2742	3	2	67	0	23
2743	4	2	67	0	23
2744	3	2	67	0	23
2745	3	2	67	0	23
2746	2	2	67	0	23
2747	2	2	67	0	23
2748	2	2	67	0	23
2749	2	2	67	0	23
2750	2	2	67	0	23
2751	3	2	67	0	23
2752	2	1	67	0	23
2753	1	1	67	0	23
2754	2	1	67	0	23
2755	2	1	67	0	23
2756	1	1	67	0	23
2757	1	1	67	0	23
2758	3	1	67	0	23
2759	4	2	68	0	23
2760	4	2	68	0	23
2761	4	2	68	0	23
2762	1	1	68	0	23
2763	2	1	68	0	23
2764	4	2	68	0	24
2765	2	2	68	0	24
2766	2	2	68	0	24
2767	3	2	68	0	24
2768	2	1	68	0	24
2769	2	1	68	0	24
2770	1	0	68	0	24
2771	1	0	68	0	24
2772	2	1	68	0	24
2773	2	1	68	0	24
2774	1	0	68	0	24
2775	1	0	68	0	24
2776	0	0	68	0	24
2777	0	0	68	0	24
2778	1	0	68	0	24
2779	1	0	68	0	24
2780	0	0	68	0	24
2781	0	0	68	0	24
2782	1	0	68	0	24
2783	0	0	68	0	24
2784	0	0	68	0	24
2785	0	0	68	0	24
2786	0	0	68	0	24
2787	0	0	68	0	24
2788	0	0	68	0	24
2789	0	0	68	0	24
2790	0	0	68	0	24
2791	0	0	68	0	24
2792	0	0	68	0	24
2793	0	0	68	0	24
2794	0	0	68	0	24
2795	0	0	68	0	24
2796	0	0	68	0	24
2797	0	0	68	0	24
2798	0	0	68	0	24
2799	0	0	68	0	24
2800	0	0	68	0	24
2801	1	0	68	0	24
2802	1	0	68	0	24
2803	1	0	68	0	24
2804	1	0	68	0	24
2805	2	1	69	0	24
2806	2	1	69	0	24
2807	2	1	69	0	25
2808	2	1	69	0	25
2809	2	1	69	0	25
2810	2	1	69	0	25
2811	2	1	69	0	25
2812	2	1	69	0	25
2813	2	1	69	0	25
2814	2	1	69	0	25
2815	2	1	69	0	25
2816	2	1	69	0	25
2817	2	1	69	0	25
2818	2	1	69	0	25
2819	2	1	69	0	25
2820	2	1	69	0	25
2821	2	1	69	0	25
2822	2	1	69	0	25
2823	2	1	69	0	25
2824	2	1	69	0	25
2825	2	1	69	0	25
2826	2	1	69	0	25
2827	1	1	69	0	25
2828	2	1	69	0	25
2829	2	1	69	0	25
2830	1	1	69	0	25
2831	1	1	69	0	25
2832	1	1	69	0	25
2833	1	1	69	0	25
2834	1	1	69	0	25
2835	1	1	69	0	25
2836	1	1	69	0	25
2837	1	1	69	0	25
2838	1	1	69	0	25
2839	2	1	69	0	25
2840	2	1	69	0	25
2841	2	1	69	0	25
2842	1	1	69	0	25
2843	2	1	69	0	25
2844	2	1	69	0	25
2845	2	1	69	0	25
2846	3	2	70	0	25
2847	2	2	70	0	25
2848	2	2	70	0	25
2849	2	2	70	0	25
2850	2	2	70	0	25
2851	2	2	70	0	25
2852	1	1	70	0	25
2853	1	1	70	0	25
2854	2	2	70	0	25
2855	2	2	70	0	25
2856	2	2	70	0	25
2857	2	2	70	0	25
2858	2	2	70	0	25
2859	2	2	70	0	25
2860	2	2	70	0	25
2861	2	2	70	0	25
2862	2	2	70	0	25
2863	2	2	70	0	25
2864	2	2	70	0	25
2865	2	2	70	0	25
2866	3	2	70	0	25
2867	3	2	70	0	25
2868	3	2	70	0	25
2869	4	2	70	0	25
2870	3	1	70	0	25
2871	3	1	70	0	25
2872	3	2	70	0	25
2873	3	2	70	0	25
2874	3	2	70	0	25
2875	1	1	70	0	25
2876	1	1	70	0	25
2877	1	1	70	0	25
2878	3	2	70	0	25
2879	3	2	70	0	25
2880	2	2	70	0	25
2881	2	2	70	0	25
2882	2	2	70	0	25
2883	2	2	70	0	25
2884	2	2	70	0	25
2885	2	2	70	0	25
2886	2	2	70	0	25
2887	2	2	70	0	25
2888	2	2	70	0	25
2889	2	2	70	0	25
2890	2	2	70	0	25
2891	2	2	70	0	25
2892	2	2	70	0	25
2893	2	2	70	0	25
2894	2	2	70	0	25
2895	2	2	70	0	25
2896	2	2	70	0	25
2897	2	2	70	0	25
2898	3	2	70	0	25
2899	2	2	70	0	25
2900	2	2	70	0	25
2901	2	2	70	0	25
2902	2	2	70	0	25
2903	2	2	70	0	25
2904	2	2	70	0	25
2905	2	2	70	0	25
2906	2	2	70	0	25
2907	2	2	70	0	25
2908	2	2	70	0	25
2909	2	2	70	0	25
2910	2	2	70	0	25
2911	2	2	70	0	25
2912	2	2	70	0	25
2913	3	3	71	0	25
2914	3	3	71	0	25
2915	3	3	71	0	25
2916	4	3	71	0	25
2917	3	3	71	0	25
2918	4	3	71	0	25
2919	4	3	71	0	25
2920	4	3	71	0	25
2921	4	3	71	0	25
2922	4	3	71	0	25
2923	4	3	71	0	25
2924	4	3	71	0	25
2925	4	3	71	0	25
2926	4	3	71	0	25
2927	4	3	71	0	25
2928	4	3	71	0	25
2929	5	3	71	0	25
2930	4	3	71	0	25
2931	4	3	71	0	25
2932	5	3	71	0	25
2933	4	3	71	0	25
2934	5	3	71	0	25
2935	5	3	71	0	25
2936	4	3	71	0	25
2937	4	3	71	0	25
2938	4	3	71	0	25
2939	4	3	71	0	25
2940	4	3	71	0	25
2941	4	3	71	0	25
2942	4	3	71	0	25
2943	4	3	71	0	25
2944	4	3	71	0	25
2945	5	4	72	0	25
2946	4	3	72	0	25
2947	4	3	72	0	25
2948	4	3	72	0	25
2949	4	3	72	0	25
2950	4	2	72	0	25
2951	3	2	72	0	25
2952	3	2	72	0	25
2953	3	2	72	0	25
2954	4	2	72	0	25
2955	4	2	72	0	25
2956	4	2	72	0	25
2957	4	2	72	0	25
2958	4	2	72	0	25
2959	4	2	72	0	25
2960	3	1	72	0	25
2961	3	1	72	0	25
2962	3	1	72	0	25
2963	3	1	72	0	25
2964	2	1	72	0	25
2965	2	1	72	0	25
2966	2	1	72	0	25
2967	2	1	72	0	25
2968	2	1	72	0	25
2969	2	1	72	0	25
2970	2	1	72	0	25
2971	2	1	72	0	25
2972	2	1	72	0	25
2973	2	1	72	0	25
2974	2	1	72	0	25
2975	2	1	72	0	25
2976	1	1	72	0	25
2977	1	1	72	0	25
2978	2	1	72	0	25
2979	2	1	72	0	25
2980	1	1	72	0	25
2981	1	1	72	0	25
2982	3	2	72	0	25
2983	2	1	72	0	25
2984	2	1	72	0	25
2985	2	1	72	0	25
2986	2	1	72	0	25
2987	1	0	72	0	25
2988	3	1	72	0	25
2989	1	1	72	0	25
2990	3	1	72	0	25
2991	3	2	73	0	25
2992	2	0	73	0	25
2993	2	0	73	0	25
2994	3	1	73	0	25
2995	2	1	73	0	25
2996	1	1	73	0	25
2997	2	1	73	0	25
2998	1	0	73	0	25
2999	1	0	73	0	25
3000	2	1	73	0	25
3001	2	1	73	0	25
3002	2	1	73	0	25
3003	2	1	73	0	25
3004	2	1	73	0	25
3005	2	1	73	0	25
3006	1	0	73	0	25
3007	2	1	73	0	25
3008	2	1	73	0	25
3009	2	1	73	0	25
3010	2	1	73	0	25
3011	2	1	73	0	25
3012	2	1	73	0	25
3013	2	1	73	0	25
3014	2	1	73	0	25
3015	2	1	73	0	25
3016	2	1	73	0	25
3017	3	2	74	0	25
3018	2	1	74	0	25
3019	2	1	74	0	25
3020	2	1	74	0	25
3021	3	2	75	0	25
3022	3	2	75	0	25
3023	3	2	75	0	25
3024	3	2	75	0	25
3025	3	2	75	0	26
3026	3	2	75	0	26
3027	3	2	75	0	26
3028	2	1	75	0	26
3029	1	1	75	0	26
3030	2	2	75	0	26
3031	2	2	75	0	26
3032	2	2	75	0	26
3033	2	2	75	0	26
3034	2	2	75	0	26
3035	3	2	75	0	26
3036	3	2	75	0	26
3037	3	2	75	0	26
3038	3	2	75	0	26
3039	3	2	75	0	26
3040	3	2	75	0	26
3041	3	2	75	0	26
3042	3	2	75	0	26
3043	3	2	75	0	26
3044	3	2	75	0	26
3045	5	3	76	0	26
3046	2	1	76	0	26
3047	2	1	76	0	26
3048	2	1	76	0	26
3049	3	2	76	0	26
3050	3	2	76	0	26
3051	4	3	77	0	26
3052	3	2	77	0	26
3053	3	2	77	0	26
3054	3	3	77	0	26
3055	2	2	77	0	26
3056	4	3	77	0	26
3057	4	3	77	0	27
3058	2	1	77	0	27
3059	2	1	77	0	27
3060	2	1	77	0	27
3061	1	1	77	0	27
3062	2	1	77	0	27
3063	2	1	77	0	27
3064	2	1	77	0	27
3065	2	1	77	0	27
3066	2	1	77	0	27
3067	2	1	77	0	27
3068	2	1	77	0	27
3069	2	1	77	0	27
3070	2	1	77	0	27
3071	2	1	77	0	27
3072	1	1	77	0	27
3073	1	1	77	0	27
3074	1	1	77	0	27
3075	1	1	77	0	27
3076	1	1	77	0	27
3077	2	1	77	0	27
3078	2	1	77	0	27
3079	1	1	77	0	27
3080	1	1	77	0	27
3081	2	1	77	0	27
3082	2	1	77	0	27
3083	2	1	77	0	27
3084	1	0	77	0	27
3085	2	1	77	0	27
3086	3	1	77	0	27
3087	4	2	78	0	27
3088	4	2	78	0	27
3089	3	2	78	0	27
3090	3	2	78	0	27
3091	2	1	78	0	27
3092	3	2	78	0	27
3093	3	2	78	0	27
3094	2	1	78	0	27
3095	2	1	78	0	27
3096	2	2	78	0	27
3097	1	1	78	0	27
3098	1	1	78	0	27
3099	1	1	78	0	27
3100	2	1	78	0	27
3101	2	1	78	0	27
3102	2	1	78	0	27
3103	2	1	78	0	27
3104	2	1	78	0	27
3105	2	1	78	0	27
3106	1	1	78	0	27
3107	2	1	78	0	27
3108	1	1	78	0	27
3109	2	1	78	0	27
3110	1	0	78	0	27
3111	2	1	78	0	27
3112	0	0	78	0	27
3113	1	0	78	0	27
3114	1	0	78	0	27
3115	1	0	78	0	27
3116	1	0	78	0	27
3117	1	0	78	0	27
3118	1	0	78	0	27
3119	1	0	78	0	27
3120	2	1	79	0	27
3121	3	2	79	0	27
3122	3	2	79	0	27
3123	3	2	79	0	27
3124	1	1	79	0	27
3125	2	2	79	0	27
3126	1	1	79	0	27
3127	2	2	79	0	27
3128	3	2	79	0	27
3129	4	2	79	0	27
3130	4	2	79	0	27
3131	3	2	79	0	27
3132	2	2	79	0	27
3133	3	2	79	0	27
3134	2	2	79	0	27
3135	3	2	79	0	27
3136	3	2	79	0	27
3137	3	2	79	0	27
3138	3	2	79	0	27
3139	4	3	80	0	27
3140	4	3	80	0	27
3141	4	3	80	0	27
3142	4	3	80	0	27
3143	4	3	80	0	27
3144	5	3	80	0	27
3145	4	2	80	0	27
3146	4	3	80	0	27
3147	5	4	81	0	27
3148	5	3	81	0	27
3149	5	4	81	0	27
3150	5	4	81	0	27
3151	6	4	81	0	27
3152	5	4	81	0	27
3153	5	4	81	0	27
3154	4	3	81	0	27
3155	5	4	81	0	27
3156	5	3	81	0	27
3157	4	3	81	0	27
3158	4	3	81	0	27
3159	4	3	81	0	27
3160	3	2	81	0	27
3161	3	2	81	0	27
3162	4	3	81	0	27
3163	4	3	81	0	27
3164	4	3	81	0	27
3165	4	3	81	0	27
3166	4	3	81	0	27
3167	4	3	81	0	27
3168	4	3	81	0	27
3169	4	3	81	0	27
3170	4	3	81	0	27
3171	4	3	81	0	27
3172	4	3	81	0	27
3173	4	3	81	0	27
3174	3	2	81	0	27
3175	5	3	81	0	27
3176	5	3	81	0	27
3177	5	3	81	0	27
3178	5	3	81	0	27
3179	5	3	81	0	27
3180	5	3	81	0	27
3181	5	3	81	0	27
3182	5	3	81	0	27
3183	5	3	81	0	27
3184	5	3	81	0	27
3185	5	3	81	0	27
3186	5	3	81	0	27
3187	4	3	81	0	27
3188	4	3	81	0	27
3189	5	3	81	0	27
3190	5	3	81	0	27
3191	5	3	81	0	27
3192	5	4	81	0	27
3193	5	4	81	0	27
3194	5	4	81	0	27
3195	6	4	81	0	27
3196	6	4	81	0	27
3197	5	4	81	0	27
3198	5	4	81	0	27
3199	6	4	81	0	27
3200	6	4	81	0	27
3201	6	4	81	0	27
3202	6	4	81	0	27
3203	6	4	81	0	27
3204	6	4	81	0	27
3205	5	4	81	0	27
3206	5	4	81	0	27
3207	4	3	81	0	27
3208	4	3	81	0	27
3209	4	3	81	0	27
3210	4	3	81	0	27
3211	4	3	81	0	27
3212	4	3	81	0	27
3213	4	3	81	0	27
3214	5	3	81	0	27
3215	5	3	81	0	27
3216	5	3	81	0	27
3217	5	3	81	0	27
3218	4	3	81	0	27
3219	4	3	81	0	27
3220	5	3	81	0	27
3221	5	3	81	0	27
3222	6	4	81	0	27
3223	4	3	81	0	27
3224	4	3	81	0	27
3225	4	3	81	0	27
3226	4	3	81	0	27
3227	3	3	81	0	27
3228	4	3	81	0	27
3229	4	3	81	0	27
3230	4	3	81	0	27
3231	4	3	81	0	27
3232	5	3	81	0	27
3233	4	3	81	0	27
3234	5	3	81	0	27
3235	5	3	81	0	27
3236	4	3	81	0	27
3237	5	3	81	0	27
3238	4	3	81	0	27
3239	4	3	81	0	27
3240	4	3	81	0	27
3241	4	3	81	0	27
3242	4	3	81	0	27
3243	4	3	81	0	27
3244	4	3	81	0	27
3245	4	3	81	0	27
3246	4	3	81	0	27
3247	5	3	81	0	27
3248	5	3	81	0	27
3249	5	3	81	0	27
3250	5	3	81	0	27
3251	4	3	81	0	27
3252	4	3	81	0	27
3253	4	3	81	0	27
3254	4	3	81	0	27
3255	4	3	81	0	27
3256	4	3	81	0	27
3257	4	3	81	0	27
3258	4	3	81	0	27
3259	4	3	81	0	27
3260	4	3	81	0	27
3261	4	3	81	0	27
3262	4	3	81	0	27
3263	3	3	81	0	27
3264	2	2	81	0	27
3265	4	3	81	0	27
3266	3	2	81	0	27
3267	3	3	81	0	27
3268	2	2	81	0	27
3269	3	3	81	0	27
3270	3	3	81	0	27
3271	3	3	81	0	27
3272	2	2	81	0	27
3273	2	2	81	0	27
3274	3	3	81	0	27
3275	3	3	81	0	27
3276	4	3	81	0	27
3277	3	3	81	0	27
3278	3	3	81	0	27
3279	3	3	81	0	27
3280	4	3	81	0	27
3281	4	3	81	0	27
3282	5	3	81	0	27
3283	4	3	81	0	27
3284	4	3	81	0	27
3285	5	4	82	0	27
3286	5	4	82	0	27
3287	5	4	82	0	27
3288	4	3	82	0	27
3289	4	3	82	0	27
3290	4	3	82	0	27
3291	4	3	82	0	27
3292	4	3	82	0	27
3293	4	3	82	0	27
3294	4	3	82	0	27
3295	4	3	82	0	27
3296	4	3	82	0	27
3297	4	3	82	0	27
3298	3	3	82	0	27
3299	4	3	82	0	27
3300	3	3	82	0	27
3301	4	3	82	0	27
3302	4	3	82	0	27
3303	4	3	82	0	27
3304	4	3	82	0	27
3305	4	3	82	0	27
3306	3	3	82	0	27
3307	3	3	82	0	27
3308	3	3	82	0	27
3309	3	3	82	0	27
3310	4	3	82	0	27
3311	4	3	82	0	27
3312	4	3	82	0	27
3313	4	3	82	0	27
3314	4	3	82	0	27
3315	5	3	82	0	27
3316	4	3	82	0	27
3317	4	3	82	0	27
3318	4	3	82	0	27
3319	5	3	82	0	27
3320	4	3	82	0	27
3321	4	3	82	0	27
3322	4	3	82	0	27
3323	3	3	82	0	27
3324	3	3	82	0	27
3325	4	3	82	0	27
3326	4	3	82	0	27
3327	4	3	82	0	27
3328	4	3	82	0	27
3329	4	3	82	0	27
3330	3	3	82	0	27
3331	3	3	82	0	27
3332	4	3	82	0	27
3333	4	3	82	0	27
3334	4	3	82	0	27
3335	3	2	82	0	27
3336	4	3	82	0	27
3337	4	3	82	0	27
3338	4	3	82	0	27
3339	4	3	82	0	27
3340	4	3	82	0	27
3341	4	3	82	0	27
3342	4	3	82	0	27
3343	4	3	82	0	27
3344	4	3	82	0	27
3345	4	3	82	0	27
3346	4	3	82	0	27
3347	4	3	83	0	27
3348	4	3	83	0	27
3349	5	3	83	0	27
3350	4	3	83	0	27
3351	4	3	83	0	27
3352	4	3	83	0	27
3353	4	3	83	0	27
3354	4	3	83	0	27
3355	4	3	83	0	27
