Frame	Objetos_Detectados	IDs_Confirmados	IDs_Unicos	En_Zonas	Cruzaron_Lineas
1	11	11	11	0	0
2	11	11	11	0	0
3	11	11	11	0	0
4	11	11	11	0	0
5	11	11	11	0	0
6	11	11	11	0	0
7	11	11	11	0	0
8	12	12	12	0	0
9	12	12	12	0	0
10	12	12	12	0	0
11	12	12	12	0	0
12	12	12	12	0	0
13	12	12	12	0	0
14	12	12	12	0	0
15	12	12	12	0	0
16	12	12	12	0	0
17	12	12	12	0	0
18	12	12	12	0	0
19	12	12	12	0	0
20	12	12	12	0	0
21	12	12	12	0	0
22	12	12	12	0	0
23	12	12	12	0	0
24	12	12	12	0	0
25	12	12	12	0	0
26	12	12	12	0	0
27	12	12	12	0	0
28	12	12	12	0	0
29	12	12	12	0	0
30	12	12	12	0	0
31	12	12	12	0	0
32	12	12	12	0	0
33	12	12	12	0	0
34	12	12	12	0	0
35	12	12	12	0	0
36	12	12	12	0	0
37	12	12	12	0	0
38	12	12	12	0	0
39	12	12	12	0	0
40	12	12	12	0	0
41	12	12	12	0	0
42	12	12	12	0	0
43	12	12	12	0	0
44	12	12	12	0	0
45	12	12	12	0	0
46	12	12	12	0	0
47	12	12	12	0	0
48	12	12	12	0	0
49	12	12	12	0	0
50	12	12	12	0	0
51	12	12	12	0	0
52	12	12	12	0	0
53	12	12	12	0	0
54	12	12	12	0	0
55	12	12	12	0	0
56	12	12	12	0	0
57	12	12	12	0	0
58	12	12	12	0	0
59	11	11	12	0	0
60	11	11	12	0	0
61	11	11	12	0	0
62	11	11	12	0	0
63	11	11	12	0	0
64	11	11	12	0	0
65	11	11	12	0	0
66	11	11	12	0	0
67	11	11	12	0	0
68	11	11	12	0	0
69	11	11	12	0	0
70	11	11	12	0	0
71	11	11	12	0	0
72	11	11	12	0	0
73	11	11	12	0	0
74	11	11	12	0	0
75	11	11	12	0	0
76	11	11	12	0	0
77	11	11	12	0	0
78	11	11	12	0	0
79	11	11	12	0	0
80	11	11	12	0	0
81	11	11	12	0	0
82	11	11	12	0	0
83	11	11	12	0	0
84	11	11	12	0	0
85	11	11	12	0	0
86	11	11	12	0	0
87	11	11	12	0	0
88	11	11	12	0	0
89	11	11	12	0	0
90	11	11	12	0	0
91	11	11	12	0	0
92	11	11	12	0	0
93	11	11	12	0	0
94	11	11	12	0	0
95	11	11	12	0	0
96	11	11	12	0	0
97	11	11	12	0	0
98	11	11	12	0	0
99	11	11	12	0	0
100	11	11	12	0	0
101	11	11	12	0	0
102	11	11	12	0	0
103	11	11	12	0	0
104	11	11	12	0	0
105	11	11	12	0	0
106	11	11	12	0	0
107	11	11	12	0	0
108	11	11	12	0	0
109	11	11	12	0	0
110	11	11	12	0	0
111	11	11	12	0	0
112	11	11	12	0	0
113	11	11	12	0	0
114	11	11	12	0	0
115	11	11	12	0	0
116	11	11	12	0	0
117	11	11	12	0	0
118	11	11	12	0	0
119	11	11	12	0	0
120	12	12	13	0	0
121	12	12	13	0	0
122	12	12	13	0	0
123	12	12	13	0	0
124	12	12	13	0	0
125	12	12	13	0	0
126	12	12	13	0	0
127	12	12	13	0	0
128	12	12	13	0	0
129	12	12	13	0	0
130	12	12	13	0	0
131	12	12	13	0	0
132	12	12	13	0	0
133	12	12	13	0	0
134	12	12	13	0	0
135	12	12	13	0	0
136	12	12	13	0	0
137	12	12	13	0	0
138	12	12	13	0	0
139	12	12	13	0	0
140	12	12	13	0	0
141	12	12	13	0	0
142	12	12	13	0	0
143	12	12	13	0	0
144	12	12	13	0	0
145	12	12	13	0	0
146	11	11	13	0	0
147	11	11	13	0	0
148	11	11	13	0	0
149	11	11	13	0	0
150	11	11	13	0	0
151	11	11	13	0	0
152	11	11	13	0	0
153	11	11	13	0	0
154	11	11	13	0	0
155	11	11	13	0	0
156	11	11	13	0	0
157	11	11	13	0	0
158	11	11	13	0	0
159	11	11	13	0	0
160	11	11	13	0	0
161	11	11	13	0	0
162	11	11	13	0	0
163	11	11	13	0	0
164	11	11	13	0	0
165	11	11	13	0	0
166	11	11	13	0	0
167	11	11	13	0	0
168	11	11	13	0	0
169	11	11	13	0	0
170	11	11	13	0	0
171	11	11	13	0	0
172	11	11	13	0	0
173	12	12	14	0	0
174	12	12	14	0	0
175	12	12	14	0	0
176	12	12	14	0	0
177	12	12	14	0	0
178	12	12	14	0	0
179	12	12	14	0	0
180	12	12	14	0	0
181	12	12	14	0	0
182	12	12	14	0	0
183	12	12	14	0	0
184	13	13	15	0	0
185	13	13	15	0	0
186	13	13	15	0	0
187	13	13	15	0	0
188	12	12	15	0	0
189	13	13	16	0	0
190	13	13	16	0	0
191	13	13	16	0	0
192	13	13	16	0	0
193	13	13	16	0	0
194	13	13	16	0	0
195	13	13	16	0	0
196	13	13	16	0	0
197	13	13	16	0	0
198	13	13	16	0	0
199	13	13	16	0	0
200	13	13	16	0	0
201	13	13	16	0	0
202	13	13	16	0	0
203	13	13	16	0	0
204	13	13	16	0	0
205	13	13	16	0	0
206	13	13	16	0	0
207	13	13	16	0	0
208	13	13	16	0	0
209	13	13	16	0	0
210	13	13	16	0	0
211	13	13	16	0	0
212	13	13	16	0	0
213	13	13	16	0	0
214	13	13	16	0	0
215	13	13	16	0	0
216	13	13	16	0	0
217	13	13	16	0	0
218	13	13	16	0	0
219	12	12	16	0	0
220	12	12	16	0	0
221	12	12	16	0	0
222	12	12	16	0	0
223	12	12	16	0	0
224	12	12	16	0	0
225	12	12	16	0	0
226	12	12	16	0	0
227	12	12	16	0	0
228	12	12	16	0	0
229	12	12	16	0	0
230	12	12	16	0	0
231	12	12	16	0	0
232	12	12	16	0	0
233	12	12	16	0	0
234	13	13	17	0	0
235	13	13	17	0	0
236	13	13	17	0	0
237	14	14	18	0	0
238	15	15	18	0	0
239	15	15	18	0	0
240	15	15	18	0	0
241	15	15	18	0	0
242	15	15	18	0	0
243	14	14	18	0	0
244	14	14	18	0	0
245	14	14	18	0	0
246	13	13	18	0	0
247	13	13	18	0	0
248	12	12	18	0	0
249	13	13	18	0	0
250	13	13	18	0	0
251	13	13	18	0	0
252	14	14	19	0	0
253	13	13	19	0	0
254	13	13	19	0	0
255	13	13	19	0	0
256	13	13	19	0	0
257	13	13	19	0	0
258	13	13	19	0	0
259	13	13	19	0	0
260	13	13	19	0	0
261	14	14	19	0	0
262	14	14	19	0	0
263	14	14	19	0	0
264	13	13	19	0	0
265	13	13	19	0	0
266	11	11	19	0	0
267	12	12	20	0	0
268	12	12	20	0	0
269	12	12	20	0	0
270	12	12	20	0	0
271	12	12	20	0	0
272	12	12	20	0	0
273	12	12	20	0	0
274	11	11	20	0	0
275	11	11	20	0	0
276	11	11	20	0	0
277	11	11	20	0	0
278	11	11	20	0	0
279	11	11	20	0	0
280	11	11	20	0	0
281	11	11	20	0	0
282	11	11	20	0	0
283	11	11	20	0	0
284	11	11	20	0	0
285	11	11	20	0	0
286	9	9	20	0	0
287	9	9	20	0	0
288	9	9	20	0	0
289	9	9	20	0	0
290	9	9	20	0	0
291	9	9	20	0	0
292	9	9	20	0	0
293	9	9	20	0	0
294	9	9	20	0	0
295	10	10	21	0	0
296	10	10	21	0	0
297	10	10	21	0	0
298	10	10	21	0	0
299	10	10	21	0	0
300	10	10	21	0	0
301	9	9	21	0	0
302	9	9	21	0	0
303	9	9	21	0	0
304	9	9	21	0	0
305	10	10	22	0	0
306	10	10	22	0	0
307	10	10	22	0	0
308	9	9	22	0	0
309	9	9	22	0	0
310	9	9	22	0	0
311	9	9	22	0	0
312	9	9	22	0	0
313	9	9	22	0	0
314	9	9	22	0	0
315	10	10	23	0	0
316	10	10	23	0	0
317	10	10	23	0	0
318	10	10	23	0	0
319	10	10	24	0	0
320	10	10	24	0	0
321	10	10	24	0	0
322	10	10	24	0	0
323	10	10	24	0	0
324	10	10	24	0	0
325	10	10	24	0	0
326	10	10	24	0	0
327	10	10	24	0	0
328	10	10	24	0	0
329	9	9	24	0	0
330	9	9	24	0	0
331	9	9	24	0	0
332	9	9	24	0	0
333	9	9	24	0	0
334	9	9	24	0	0
335	9	9	24	0	0
336	10	10	25	0	0
337	10	10	25	0	0
338	10	10	25	0	0
339	9	9	25	0	0
340	9	9	25	0	0
341	9	9	25	0	0
342	9	9	25	0	0
343	10	10	25	0	0
344	10	10	25	0	0
345	10	10	25	0	0
346	10	10	25	0	0
347	11	11	26	0	0
348	11	11	26	0	0
349	11	11	26	0	0
350	11	11	26	0	0
351	11	11	26	0	0
352	11	11	26	0	0
353	11	11	26	0	0
354	11	11	26	0	0
355	11	11	26	0	0
356	11	11	26	0	0
357	11	11	26	0	0
358	11	11	26	0	0
359	10	10	26	0	0
360	10	10	26	0	0
361	10	10	26	0	0
362	10	10	26	0	0
363	11	11	26	0	0
364	11	11	26	0	0
365	11	11	26	0	0
366	11	11	26	0	0
367	11	11	26	0	0
368	11	11	26	0	0
369	11	11	26	0	0
370	11	11	26	0	0
371	10	10	26	0	0
372	11	11	27	0	0
373	11	11	27	0	0
374	11	11	27	0	0
375	11	11	27	0	0
376	11	11	27	0	0
377	12	12	28	0	0
378	12	12	28	0	0
379	12	12	28	0	0
380	12	12	28	0	0
381	12	12	28	0	0
382	12	12	28	0	0
383	12	12	28	0	0
384	12	12	28	0	0
385	12	12	28	0	0
386	12	12	28	0	0
387	12	12	28	0	0
388	12	12	28	0	0
389	12	12	28	0	0
390	12	12	28	0	0
391	12	12	28	0	0
392	12	12	28	0	0
393	12	12	28	0	0
394	12	12	28	0	0
395	12	12	28	0	0
396	12	12	28	0	0
397	12	12	28	0	0
398	12	12	28	0	0
399	12	12	28	0	0
400	12	12	28	0	0
401	12	12	28	0	0
402	12	12	28	0	0
403	12	12	28	0	0
404	12	12	28	0	0
405	12	12	28	0	0
406	12	12	28	0	0
407	12	12	28	0	0
408	12	12	28	0	0
409	12	12	28	0	0
410	12	12	28	0	0
411	12	12	28	0	0
412	12	12	28	0	0
413	12	12	28	0	0
414	12	12	28	0	0
415	12	12	28	0	0
416	12	12	28	0	0
417	12	12	28	0	0
418	12	12	28	0	0
419	12	12	28	0	0
420	12	12	28	0	0
421	12	12	28	0	0
422	12	12	28	0	0
423	12	12	28	0	0
424	12	12	28	0	0
425	12	12	28	0	0
426	12	12	28	0	0
427	13	13	29	0	0
428	13	13	29	0	0
429	12	12	29	0	0
430	12	12	29	0	0
431	12	12	29	0	0
432	14	14	31	0	0
433	14	14	31	0	0
434	14	14	31	0	0
435	14	14	31	0	0
436	14	14	31	0	0
437	14	14	31	0	0
438	14	14	31	0	0
439	14	14	31	0	0
440	14	14	31	0	0
441	14	14	31	0	0
442	14	14	31	0	0
443	14	14	31	0	0
444	14	14	31	0	0
445	14	14	31	0	0
446	14	14	31	0	0
447	14	14	31	0	0
448	14	14	31	0	0
449	14	14	31	0	0
450	14	14	31	0	0
451	14	14	31	0	0
452	14	14	31	0	0
453	14	14	31	0	0
454	14	14	31	0	0
455	14	14	31	0	0
456	14	14	31	0	0
457	14	14	31	0	0
458	14	14	31	0	0
459	14	14	31	0	0
460	14	14	31	0	0
461	14	14	31	0	0
462	14	14	31	0	0
463	14	14	31	0	0
464	14	14	31	0	0
465	14	14	31	0	0
466	14	14	31	0	0
467	14	14	31	0	0
468	14	14	31	0	0
469	14	14	31	0	0
470	14	14	31	0	0
471	14	14	31	0	0
472	14	14	31	0	0
473	14	14	31	0	0
474	14	14	31	0	0
475	14	14	31	0	0
476	14	14	31	0	0
477	14	14	31	0	0
478	14	14	31	0	0
479	14	14	31	0	0
480	14	14	31	0	0
481	14	14	31	0	0
482	14	14	31	0	0
483	14	14	31	0	0
484	14	14	31	0	0
485	14	14	31	0	0
486	14	14	31	0	0
487	14	14	31	0	0
488	14	14	31	0	0
489	14	14	31	0	0
490	14	14	31	0	0
491	14	14	31	0	0
492	14	14	31	0	0
493	14	14	31	0	0
494	14	14	31	0	0
495	14	14	31	0	0
496	14	14	31	0	0
497	14	14	31	0	0
498	15	15	32	0	0
499	15	15	32	0	0
500	15	15	32	0	0
501	15	15	32	0	0
502	15	15	32	0	0
503	15	15	32	0	0
504	15	15	32	0	0
505	15	15	32	0	0
506	15	15	32	0	0
507	15	15	32	0	0
508	15	15	32	0	0
509	15	15	32	0	0
510	15	15	32	0	0
511	15	15	32	0	0
512	15	15	32	0	0
513	14	14	32	0	0
514	14	14	32	0	0
515	14	14	32	0	0
516	14	14	32	0	0
517	14	14	32	0	0
518	14	14	32	0	0
519	14	14	32	0	0
520	14	14	32	0	0
521	14	14	32	0	0
522	14	14	32	0	0
523	14	14	32	0	0
524	14	14	32	0	0
525	14	14	32	0	0
526	14	14	32	0	0
527	14	14	32	0	0
528	14	14	32	0	0
529	14	14	32	0	0
530	14	14	32	0	0
531	14	14	32	0	0
532	14	14	32	0	0
533	14	14	32	0	0
534	14	14	32	0	0
535	14	14	32	0	0
536	14	14	32	0	0
537	14	14	32	0	0
538	14	14	32	0	0
539	14	14	32	0	0
540	14	14	32	0	0
541	14	14	32	0	0
542	14	14	32	0	0
543	12	12	32	0	0
544	12	12	32	0	0
545	13	13	33	0	0
546	13	13	33	0	0
547	13	13	33	0	0
548	13	13	33	0	0
549	13	13	33	0	0
550	13	13	33	0	0
551	13	13	33	0	0
552	13	13	33	0	0
553	13	13	33	0	0
554	13	13	33	0	0
555	13	13	33	0	0
556	12	12	33	0	0
557	12	12	33	0	0
558	12	12	33	0	0
559	12	12	33	0	0
560	12	12	33	0	0
561	13	13	33	0	0
562	13	13	33	0	0
563	13	13	33	0	0
564	13	13	33	0	0
565	13	13	33	0	0
566	13	13	33	0	0
567	13	13	33	0	0
568	13	13	33	0	0
569	13	13	33	0	0
570	13	13	33	0	0
571	13	13	33	0	0
572	13	13	33	0	0
573	13	13	33	0	0
574	11	11	33	0	0
575	11	11	33	0	0
576	11	11	33	0	0
577	11	11	33	0	0
578	11	11	33	0	0
579	12	12	34	0	0
580	12	12	34	0	0
581	12	12	34	0	0
582	12	12	34	0	0
583	12	12	34	0	0
584	12	12	34	0	0
585	12	12	34	0	0
586	12	12	34	0	0
587	12	12	34	0	0
588	10	10	34	0	0
589	10	10	34	0	0
590	10	10	34	0	0
591	10	10	34	0	0
592	10	10	34	0	0
593	10	10	34	0	0
594	10	10	34	0	0
595	10	10	34	0	0
596	10	10	34	0	0
597	10	10	34	0	0
598	10	10	34	0	0
599	10	10	34	0	0
600	10	10	34	0	0
601	9	9	34	0	0
602	9	9	34	0	0
603	8	8	34	0	0
604	8	8	34	0	0
605	8	8	34	0	0
606	7	7	34	0	0
607	7	7	34	0	0
608	7	7	34	0	0
609	7	7	34	0	0
610	7	7	34	0	0
611	7	7	34	0	0
612	7	7	34	0	0
613	6	6	34	0	0
614	6	6	34	0	0
615	7	7	35	0	0
616	6	6	35	0	0
617	7	7	36	0	0
618	6	6	36	0	0
619	6	6	36	0	0
620	6	6	36	0	0
621	6	6	36	0	0
622	7	7	37	0	0
623	8	8	37	0	0
624	8	8	37	0	0
625	8	8	37	0	0
626	8	8	37	0	0
627	8	8	37	0	0
628	8	8	37	0	0
629	8	8	37	0	0
630	8	8	37	0	0
631	9	9	37	0	0
632	9	9	37	0	0
633	9	9	37	0	0
634	10	10	38	0	0
635	11	11	39	0	0
636	11	11	39	0	0
637	11	11	39	0	0
638	11	11	39	0	0
639	11	11	39	0	0
640	11	11	39	0	0
641	11	11	39	0	0
642	11	11	39	0	0
643	11	11	39	0	0
644	11	11	39	0	0
645	11	11	39	0	0
646	11	11	39	0	0
647	11	11	39	0	0
648	11	11	39	0	0
649	11	11	39	0	0
650	11	11	39	0	0
651	11	11	39	0	0
652	11	11	39	0	0
653	11	11	39	0	0
654	11	11	39	0	0
655	11	11	39	0	0
656	12	12	40	0	0
657	12	12	40	0	0
658	12	12	40	0	0
659	11	11	40	0	0
660	11	11	40	0	0
661	11	11	40	0	0
662	11	11	40	0	0
663	11	11	40	0	0
664	11	11	40	0	0
665	12	12	41	0	0
666	9	9	41	0	0
667	9	9	41	0	0
668	9	9	41	0	0
669	9	9	41	0	0
670	9	9	41	0	0
671	9	9	41	0	0
672	9	9	41	0	0
673	9	9	41	0	0
674	9	9	41	0	0
675	10	10	42	0	0
676	9	9	42	0	0
677	9	9	42	0	0
678	9	9	42	0	0
679	9	9	42	0	0
680	9	9	42	0	0
681	9	9	42	0	0
682	9	9	42	0	0
683	9	9	42	0	0
684	10	10	42	0	0
685	10	10	42	0	0
686	10	10	42	0	0
687	10	10	42	0	0
688	10	10	42	0	0
689	10	10	42	0	0
690	10	10	42	0	0
691	10	10	42	0	0
692	10	10	42	0	0
693	10	10	42	0	0
694	10	10	42	0	0
695	10	10	42	0	0
696	10	10	42	0	0
697	10	10	42	0	0
698	10	10	42	0	0
699	10	10	42	0	0
700	10	10	42	0	0
701	10	10	42	0	0
702	10	10	42	0	0
703	10	10	42	0	0
704	10	10	42	0	0
705	10	10	42	0	0
706	10	10	42	0	0
707	10	10	42	0	0
708	10	10	42	0	0
709	10	10	42	0	0
710	10	10	42	0	0
711	10	10	42	0	0
712	10	10	42	0	0
713	10	10	42	0	0
714	10	10	42	0	0
715	10	10	42	0	0
716	10	10	42	0	0
717	10	10	42	0	0
718	10	10	42	0	0
719	10	10	42	0	0
720	10	10	42	0	0
721	10	10	42	0	0
722	10	10	42	0	0
723	10	10	42	0	0
724	10	10	42	0	0
725	10	10	42	0	0
726	10	10	42	0	0
727	10	10	42	0	0
728	10	10	42	0	0
729	10	10	42	0	0
730	10	10	42	0	0
731	10	10	42	0	0
732	10	10	42	0	0
733	10	10	42	0	0
734	10	10	42	0	0
735	10	10	42	0	0
736	10	10	42	0	0
737	10	10	42	0	0
738	10	10	42	0	0
739	10	10	42	0	0
740	10	10	42	0	0
741	10	10	42	0	0
742	10	10	42	0	0
743	10	10	42	0	0
744	10	10	42	0	0
745	9	9	42	0	0
746	9	9	42	0	0
747	9	9	42	0	0
748	9	9	42	0	0
749	9	9	42	0	0
750	9	9	42	0	0
751	9	9	42	0	0
752	9	9	42	0	0
753	9	9	42	0	0
754	9	9	42	0	0
755	9	9	42	0	0
756	9	9	42	0	0
757	9	9	42	0	0
758	9	9	42	0	0
759	9	9	42	0	0
760	9	9	42	0	0
761	9	9	42	0	0
762	9	9	42	0	0
763	9	9	42	0	0
764	9	9	42	0	0
765	9	9	42	0	0
766	9	9	42	0	0
767	9	9	42	0	0
768	9	9	42	0	0
769	9	9	42	0	0
770	9	9	42	0	0
771	9	9	42	0	0
772	9	9	42	0	0
773	8	8	42	0	0
774	8	8	42	0	0
775	8	8	42	0	0
776	9	9	43	0	0
777	9	9	43	0	0
778	9	9	43	0	0
779	9	9	43	0	0
780	9	9	43	0	0
781	9	9	43	0	0
782	9	9	43	0	0
783	9	9	43	0	0
784	9	9	43	0	0
785	9	9	43	0	0
786	9	9	43	0	0
787	9	9	43	0	0
788	9	9	43	0	0
789	9	9	43	0	0
790	9	9	43	0	0
791	9	9	43	0	0
792	9	9	43	0	0
793	9	9	43	0	0
794	9	9	43	0	0
795	10	10	44	0	0
796	10	10	44	0	0
797	10	10	44	0	0
798	10	10	44	0	0
799	9	9	44	0	0
800	9	9	44	0	0
801	10	10	44	0	0
802	10	10	44	0	0
803	10	10	44	0	0
804	10	10	44	0	0
805	10	10	44	0	0
806	10	10	44	0	0
807	10	10	44	0	0
808	10	10	44	0	0
809	10	10	44	0	0
810	10	10	44	0	0
811	10	10	44	0	0
812	10	10	44	0	0
813	10	10	44	0	0
814	10	10	44	0	0
815	10	10	44	0	0
816	10	10	44	0	0
817	10	10	44	0	0
818	10	10	44	0	0
819	10	10	44	0	0
820	10	10	44	0	0
821	10	10	44	0	0
822	10	10	44	0	0
823	10	10	44	0	0
824	10	10	44	0	0
825	10	10	44	0	0
826	10	10	44	0	0
827	10	10	44	0	0
828	10	10	44	0	0
829	9	9	44	0	0
830	9	9	44	0	0
831	9	9	44	0	0
832	9	9	44	0	0
833	9	9	44	0	0
834	9	9	44	0	0
835	9	9	44	0	0
836	9	9	44	0	0
837	9	9	44	0	0
838	9	9	44	0	0
839	9	9	44	0	0
840	9	9	44	0	0
841	9	9	44	0	0
842	9	9	44	0	0
843	9	9	44	0	0
844	9	9	44	0	0
845	9	9	44	0	0
846	9	9	44	0	0
847	9	9	44	0	0
848	9	9	44	0	0
849	9	9	44	0	0
850	9	9	44	0	0
851	9	9	44	0	0
852	9	9	44	0	0
853	9	9	44	0	0
854	9	9	44	0	0
855	9	9	44	0	0
856	9	9	44	0	0
857	9	9	44	0	0
858	9	9	44	0	0
859	9	9	44	0	0
860	9	9	44	0	0
861	9	9	44	0	0
862	9	9	44	0	0
863	9	9	44	0	0
864	9	9	44	0	0
865	9	9	44	0	0
866	9	9	44	0	0
867	9	9	44	0	0
868	9	9	44	0	0
869	9	9	44	0	0
870	9	9	44	0	0
871	9	9	44	0	0
872	9	9	44	0	0
873	9	9	44	0	0
874	9	9	44	0	0
875	9	9	44	0	0
876	9	9	44	0	0
877	9	9	44	0	0
878	9	9	44	0	0
879	9	9	44	0	0
880	9	9	44	0	0
881	9	9	44	0	0
882	9	9	44	0	0
883	9	9	44	0	0
884	9	9	44	0	0
885	9	9	44	0	0
886	9	9	44	0	0
887	9	9	44	0	0
888	9	9	44	0	0
889	9	9	44	0	0
890	9	9	44	0	0
891	9	9	44	0	0
892	9	9	44	0	0
893	9	9	44	0	0
894	9	9	44	0	0
895	9	9	44	0	0
896	9	9	44	0	0
897	9	9	44	0	0
898	9	9	44	0	0
899	9	9	44	0	0
900	9	9	44	0	0
901	9	9	44	0	0
902	9	9	44	0	0
903	9	9	44	0	0
904	9	9	44	0	0
905	9	9	44	0	0
906	9	9	44	0	0
907	9	9	44	0	0
908	9	9	44	0	0
909	9	9	44	0	0
910	9	9	44	0	0
911	9	9	44	0	0
912	9	9	44	0	0
913	9	9	44	0	0
914	9	9	44	0	0
915	9	9	44	0	0
916	9	9	44	0	0
917	9	9	44	0	0
918	9	9	44	0	0
919	9	9	44	0	0
920	9	9	44	0	0
921	9	9	44	0	0
922	9	9	44	0	0
923	9	9	44	0	0
924	9	9	44	0	0
925	9	9	44	0	0
926	9	9	44	0	0
927	9	9	44	0	0
928	9	9	44	0	0
929	9	9	44	0	0
930	9	9	44	0	0
931	8	8	44	0	0
932	8	8	44	0	0
933	8	8	44	0	0
934	8	8	44	0	0
935	8	8	44	0	0
936	8	8	44	0	0
937	8	8	44	0	0
938	8	8	44	0	0
939	8	8	44	0	0
940	8	8	44	0	0
941	8	8	44	0	0
942	8	8	44	0	0
943	8	8	44	0	0
944	8	8	44	0	0
945	8	8	44	0	0
946	8	8	44	0	0
947	8	8	44	0	0
948	8	8	44	0	0
949	8	8	44	0	0
950	8	8	44	0	0
951	8	8	44	0	0
952	8	8	44	0	0
953	8	8	44	0	0
954	8	8	44	0	0
955	8	8	44	0	0
956	8	8	44	0	0
957	8	8	44	0	0
958	8	8	44	0	0
959	8	8	44	0	0
960	8	8	44	0	0
961	8	8	44	0	0
962	8	8	44	0	0
963	8	8	44	0	0
964	8	8	44	0	0
965	8	8	44	0	0
966	8	8	44	0	0
967	8	8	44	0	0
968	8	8	44	0	0
969	8	8	44	0	0
970	8	8	44	0	0
971	8	8	44	0	0
972	8	8	44	0	0
973	8	8	44	0	0
974	8	8	44	0	0
975	8	8	44	0	0
976	8	8	44	0	0
977	8	8	44	0	0
978	8	8	44	0	0
979	8	8	44	0	0
980	8	8	44	0	0
981	8	8	44	0	0
982	8	8	44	0	0
983	8	8	44	0	0
984	8	8	44	0	0
985	8	8	44	0	0
986	8	8	44	0	0
987	8	8	44	0	0
988	8	8	44	0	0
989	8	8	44	0	0
990	8	8	44	0	0
991	8	8	44	0	0
992	8	8	44	0	0
993	8	8	44	0	0
994	8	8	44	0	0
995	8	8	44	0	0
996	8	8	44	0	0
997	8	8	44	0	0
998	8	8	44	0	0
999	8	8	44	0	0
1000	8	8	44	0	0
1001	8	8	44	0	0
1002	8	8	44	0	0
1003	8	8	44	0	0
1004	8	8	44	0	0
1005	8	8	44	0	0
1006	8	8	44	0	0
1007	8	8	44	0	0
1008	8	8	44	0	0
1009	8	8	44	0	0
1010	8	8	44	0	0
1011	8	8	44	0	0
1012	8	8	44	0	0
1013	8	8	44	0	0
1014	8	8	44	0	0
1015	9	9	45	0	0
1016	9	9	45	0	0
1017	9	9	45	0	0
1018	9	9	45	0	0
1019	9	9	45	0	0
1020	9	9	45	0	0
1021	9	9	45	0	0
1022	9	9	45	0	0
1023	9	9	45	0	0
1024	9	9	45	0	0
1025	9	9	45	0	0
1026	9	9	45	0	0
1027	9	9	45	0	0
1028	9	9	45	0	0
1029	9	9	45	0	0
1030	9	9	45	0	0
1031	9	9	45	0	0
1032	9	9	45	0	0
1033	8	8	45	0	0
1034	9	9	45	0	0
1035	9	9	45	0	0
1036	9	9	45	0	0
1037	9	9	45	0	0
1038	9	9	45	0	0
1039	9	9	45	0	0
1040	9	9	45	0	0
1041	9	9	45	0	0
1042	9	9	45	0	0
1043	9	9	45	0	0
1044	9	9	45	0	0
1045	9	9	45	0	0
1046	9	9	45	0	0
1047	9	9	45	0	0
1048	9	9	45	0	0
1049	9	9	45	0	0
1050	9	9	45	0	0
1051	9	9	45	0	0
1052	9	9	45	0	0
1053	9	9	45	0	0
1054	9	9	45	0	0
1055	9	9	45	0	0
1056	9	9	45	0	0
1057	9	9	45	0	0
1058	9	9	45	0	0
1059	9	9	45	0	0
1060	9	9	45	0	0
1061	9	9	45	0	0
1062	9	9	45	0	0
1063	9	9	45	0	0
1064	9	9	45	0	0
1065	9	9	45	0	0
1066	9	9	45	0	0
1067	9	9	45	0	0
1068	9	9	45	0	0
1069	9	9	45	0	0
1070	9	9	45	0	0
1071	9	9	45	0	0
1072	9	9	45	0	0
1073	9	9	45	0	0
1074	9	9	45	0	0
1075	9	9	45	0	0
1076	9	9	45	0	0
1077	9	9	45	0	0
1078	9	9	45	0	0
1079	9	9	45	0	0
1080	9	9	45	0	0
1081	9	9	45	0	0
1082	9	9	45	0	0
1083	9	9	45	0	0
1084	9	9	45	0	0
1085	9	9	45	0	0
1086	10	10	46	0	0
1087	10	10	46	0	0
1088	10	10	46	0	0
1089	10	10	46	0	0
1090	10	10	46	0	0
1091	10	10	46	0	0
1092	10	10	46	0	0
1093	10	10	46	0	0
1094	10	10	46	0	0
1095	10	10	46	0	0
1096	10	10	46	0	0
1097	10	10	46	0	0
1098	10	10	46	0	0
1099	10	10	46	0	0
1100	10	10	46	0	0
1101	10	10	46	0	0
1102	10	10	46	0	0
1103	10	10	46	0	0
1104	10	10	46	0	0
1105	10	10	46	0	0
1106	10	10	46	0	0
1107	10	10	46	0	0
1108	10	10	46	0	0
1109	10	10	46	0	0
1110	10	10	46	0	0
1111	10	10	46	0	0
1112	10	10	46	0	0
1113	10	10	46	0	0
1114	10	10	46	0	0
1115	10	10	46	0	0
1116	10	10	46	0	0
1117	10	10	46	0	0
1118	10	10	46	0	0
1119	10	10	46	0	0
1120	10	10	46	0	0
1121	10	10	46	0	0
1122	10	10	46	0	0
1123	10	10	46	0	0
1124	10	10	46	0	0
1125	10	10	46	0	0
1126	10	10	46	0	0
1127	10	10	46	0	0
1128	10	10	46	0	0
1129	10	10	46	0	0
1130	10	10	46	0	0
1131	10	10	46	0	0
1132	10	10	46	0	0
1133	10	10	46	0	0
1134	10	10	46	0	0
1135	10	10	46	0	0
1136	10	10	46	0	0
1137	10	10	46	0	0
1138	10	10	46	0	0
1139	10	10	46	0	0
1140	10	10	46	0	0
1141	10	10	46	0	0
1142	10	10	46	0	0
1143	10	10	46	0	0
1144	10	10	46	0	0
1145	10	10	46	0	0
1146	10	10	46	0	0
1147	10	10	46	0	0
1148	10	10	46	0	0
1149	10	10	46	0	0
1150	10	10	46	0	0
1151	10	10	46	0	0
1152	10	10	46	0	0
1153	10	10	46	0	0
1154	10	10	46	0	0
1155	10	10	46	0	0
1156	10	10	46	0	0
1157	10	10	46	0	0
1158	10	10	46	0	0
1159	10	10	46	0	0
1160	10	10	46	0	0
1161	10	10	46	0	0
1162	10	10	46	0	0
1163	10	10	46	0	0
1164	10	10	46	0	0
1165	10	10	46	0	0
1166	10	10	46	0	0
1167	10	10	46	0	0
1168	10	10	46	0	0
1169	10	10	46	0	0
1170	10	10	46	0	0
1171	10	10	46	0	0
1172	10	10	46	0	0
1173	10	10	46	0	0
1174	10	10	46	0	0
1175	10	10	46	0	0
1176	10	10	46	0	0
1177	10	10	46	0	0
1178	10	10	46	0	0
1179	10	10	46	0	0
1180	10	10	46	0	0
1181	10	10	46	0	0
1182	10	10	46	0	0
1183	10	10	46	0	0
1184	10	10	46	0	0
1185	10	10	46	0	0
1186	10	10	46	0	0
1187	10	10	46	0	0
1188	10	10	46	0	0
1189	10	10	46	0	0
1190	10	10	46	0	0
1191	10	10	46	0	0
1192	10	10	46	0	0
1193	10	10	46	0	0
1194	10	10	46	0	0
1195	10	10	46	0	0
1196	10	10	46	0	0
1197	10	10	46	0	0
1198	10	10	46	0	0
1199	10	10	46	0	0
1200	10	10	46	0	0
1201	10	10	46	0	0
1202	10	10	46	0	0
1203	10	10	46	0	0
1204	10	10	46	0	0
1205	10	10	46	0	0
1206	10	10	46	0	0
1207	10	10	46	0	0
1208	10	10	46	0	0
1209	10	10	46	0	0
1210	10	10	46	0	0
1211	10	10	46	0	0
1212	10	10	46	0	0
1213	10	10	46	0	0
1214	10	10	46	0	0
1215	10	10	46	0	0
1216	10	10	46	0	0
1217	10	10	46	0	0
1218	10	10	46	0	0
1219	10	10	46	0	0
1220	10	10	46	0	0
1221	10	10	46	0	0
1222	10	10	46	0	0
1223	10	10	46	0	0
1224	10	10	46	0	0
1225	10	10	46	0	0
1226	10	10	46	0	0
1227	10	10	46	0	0
1228	10	10	46	0	0
1229	10	10	46	0	0
1230	10	10	46	0	0
1231	10	10	46	0	0
1232	10	10	46	0	0
1233	10	10	46	0	0
1234	10	10	46	0	0
1235	10	10	46	0	0
1236	10	10	46	0	0
1237	10	10	46	0	0
1238	10	10	46	0	0
1239	10	10	46	0	0
1240	10	10	46	0	0
1241	10	10	46	0	0
1242	10	10	46	0	0
1243	10	10	46	0	0
1244	10	10	46	0	0
1245	10	10	46	0	0
1246	10	10	46	0	0
1247	10	10	46	0	0
1248	10	10	46	0	0
1249	10	10	46	0	0
1250	10	10	46	0	0
1251	10	10	46	0	0
1252	10	10	46	0	0
1253	10	10	46	0	0
1254	11	11	47	0	0
1255	11	11	47	0	0
1256	11	11	47	0	0
1257	11	11	47	0	0
1258	11	11	47	0	0
1259	11	11	47	0	0
1260	11	11	47	0	0
1261	11	11	47	0	0
1262	11	11	47	0	0
1263	11	11	47	0	0
1264	11	11	47	0	0
1265	11	11	47	0	0
1266	11	11	47	0	0
1267	11	11	47	0	0
1268	11	11	47	0	0
1269	11	11	47	0	0
1270	11	11	47	0	0
1271	11	11	47	0	0
1272	11	11	47	0	0
1273	11	11	47	0	0
1274	11	11	47	0	0
1275	11	11	47	0	0
1276	11	11	47	0	0
1277	11	11	47	0	0
1278	11	11	47	0	0
1279	11	11	47	0	0
1280	11	11	47	0	0
1281	11	11	47	0	0
1282	11	11	47	0	0
1283	11	11	47	0	0
1284	11	11	47	0	0
1285	11	11	47	0	0
1286	11	11	47	0	0
1287	11	11	47	0	0
1288	11	11	47	0	0
1289	11	11	47	0	0
1290	11	11	47	0	0
1291	11	11	47	0	0
1292	11	11	47	0	0
1293	11	11	47	0	0
1294	11	11	47	0	0
1295	11	11	47	0	0
1296	11	11	47	0	0
1297	11	11	47	0	0
1298	11	11	47	0	0
1299	11	11	47	0	0
1300	11	11	47	0	0
1301	11	11	47	0	0
1302	11	11	47	0	0
1303	11	11	47	0	0
1304	11	11	47	0	0
1305	11	11	47	0	0
1306	11	11	47	0	0
1307	11	11	47	0	0
1308	11	11	47	0	0
1309	11	11	47	0	0
1310	11	11	47	0	0
1311	10	10	47	0	0
1312	10	10	47	0	0
1313	10	10	47	0	0
1314	10	10	47	0	0
1315	10	10	47	0	0
1316	10	10	47	0	0
1317	10	10	47	0	0
1318	10	10	47	0	0
1319	10	10	47	0	0
1320	10	10	47	0	0
1321	10	10	47	0	0
1322	10	10	47	0	0
1323	10	10	47	0	0
1324	10	10	47	0	0
1325	10	10	47	0	0
1326	10	10	47	0	0
1327	10	10	47	0	0
1328	10	10	47	0	0
1329	10	10	47	0	0
1330	10	10	47	0	0
1331	10	10	47	0	0
1332	10	10	47	0	0
1333	10	10	47	0	0
1334	10	10	47	0	0
1335	10	10	47	0	0
1336	10	10	47	0	0
1337	10	10	47	0	0
1338	10	10	47	0	0
1339	10	10	47	0	0
1340	10	10	47	0	0
1341	10	10	47	0	0
1342	10	10	47	0	0
1343	10	10	47	0	0
1344	10	10	47	0	0
1345	10	10	47	0	0
1346	10	10	47	0	0
1347	10	10	47	0	0
1348	10	10	47	0	0
1349	10	10	47	0	0
1350	10	10	47	0	0
1351	10	10	47	0	0
1352	10	10	47	0	0
1353	10	10	47	0	0
1354	10	10	47	0	0
1355	10	10	47	0	0
1356	10	10	47	0	0
1357	10	10	47	0	0
1358	10	10	47	0	0
1359	11	11	48	0	0
1360	10	10	48	0	0
1361	10	10	48	0	0
1362	10	10	48	0	0
1363	10	10	48	0	0
1364	10	10	48	0	0
1365	11	11	49	0	0
1366	10	10	49	0	0
1367	10	10	49	0	0
1368	10	10	49	0	0
1369	10	10	49	0	0
1370	11	11	49	0	0
1371	11	11	49	0	0
1372	11	11	49	0	0
1373	12	12	49	0	0
1374	11	11	49	0	0
1375	11	11	49	0	0
1376	11	11	49	0	0
1377	11	11	49	0	0
1378	11	11	49	0	0
1379	11	11	49	0	0
1380	11	11	49	0	0
1381	10	10	49	0	0
1382	10	10	49	0	0
1383	10	10	49	0	0
1384	11	11	49	0	0
1385	11	11	49	0	0
1386	11	11	49	0	0
1387	11	11	49	0	0
1388	11	11	49	0	0
1389	11	11	49	0	0
1390	11	11	49	0	0
1391	11	11	49	0	0
1392	11	11	49	0	0
1393	11	11	49	0	0
1394	11	11	49	0	0
1395	11	11	49	0	0
1396	11	11	49	0	0
1397	11	11	49	0	0
1398	11	11	49	0	0
1399	11	11	49	0	0
1400	11	11	49	0	0
1401	11	11	49	0	0
1402	11	11	49	0	0
1403	11	11	49	0	0
1404	11	11	49	0	0
1405	11	11	49	0	0
1406	11	11	49	0	0
1407	11	11	49	0	0
1408	11	11	49	0	0
1409	11	11	49	0	0
1410	11	11	49	0	0
1411	11	11	49	0	0
1412	11	11	49	0	0
1413	11	11	49	0	0
1414	11	11	49	0	0
1415	11	11	49	0	0
1416	11	11	49	0	0
1417	11	11	49	0	0
1418	11	11	49	0	0
1419	11	11	49	0	0
1420	11	11	49	0	0
1421	11	11	49	0	0
1422	11	11	49	0	0
1423	11	11	49	0	0
1424	11	11	49	0	0
1425	11	11	49	0	0
1426	11	11	49	0	0
1427	11	11	49	0	0
1428	11	11	49	0	0
1429	11	11	49	0	0
1430	11	11	49	0	0
1431	11	11	49	0	0
1432	11	11	49	0	0
1433	11	11	49	0	0
1434	11	11	49	0	0
1435	11	11	49	0	0
1436	11	11	49	0	0
1437	11	11	49	0	0
1438	11	11	49	0	0
1439	11	11	49	0	0
1440	11	11	49	0	0
1441	11	11	49	0	0
1442	11	11	49	0	0
1443	11	11	49	0	0
1444	11	11	49	0	0
1445	11	11	49	0	0
1446	11	11	49	0	0
1447	11	11	49	0	0
1448	11	11	49	0	0
1449	11	11	49	0	0
1450	12	12	50	0	0
1451	12	12	50	0	0
1452	12	12	50	0	0
1453	12	12	50	0	0
1454	12	12	50	0	0
1455	12	12	50	0	0
1456	12	12	50	0	0
1457	12	12	50	0	0
1458	12	12	50	0	0
1459	12	12	50	0	0
1460	12	12	50	0	0
1461	12	12	50	0	0
1462	12	12	50	0	0
1463	12	12	50	0	0
1464	12	12	50	0	0
1465	12	12	50	0	0
1466	12	12	50	0	0
1467	12	12	50	0	0
1468	12	12	50	0	0
1469	13	13	51	0	0
1470	13	13	51	0	0
1471	13	13	51	0	0
1472	13	13	51	0	0
1473	13	13	51	0	0
1474	13	13	51	0	0
1475	13	13	51	0	0
1476	13	13	51	0	0
1477	13	13	51	0	0
1478	13	13	51	0	0
1479	13	13	51	0	0
1480	13	13	51	0	0
1481	13	13	51	0	0
1482	13	13	51	0	0
1483	13	13	51	0	0
1484	13	13	51	0	0
1485	13	13	51	0	0
1486	13	13	51	0	0
1487	13	13	51	0	0
1488	13	13	51	0	0
1489	13	13	51	0	0
1490	13	13	51	0	0
1491	13	13	51	0	0
1492	13	13	51	0	0
1493	13	13	51	0	0
1494	13	13	51	0	0
1495	13	13	51	0	0
1496	13	13	51	0	0
1497	13	13	51	0	0
1498	13	13	51	0	0
1499	13	13	51	0	0
1500	13	13	51	0	0
1501	13	13	51	0	0
1502	13	13	51	0	0
1503	0	0	51	0	0
1504	0	0	51	0	0
1505	1	1	52	0	0
1506	1	1	52	0	0
1507	1	1	52	0	0
1508	1	1	52	0	0
1509	0	0	52	0	0
1510	0	0	52	0	0
1511	1	1	52	0	0
1512	1	1	52	0	0
1513	1	1	52	0	0
1514	1	1	52	0	0
1515	1	1	52	0	0
1516	1	1	52	0	0
1517	1	1	52	0	0
1518	1	1	52	0	0
1519	1	1	52	0	0
1520	1	1	52	0	0
1521	1	1	52	0	0
1522	1	1	52	0	0
1523	1	1	52	0	0
1524	1	1	52	0	0
1525	1	1	52	0	0
1526	1	1	52	0	0
1527	1	1	52	0	0
1528	1	1	52	0	0
1529	1	1	52	0	0
1530	1	1	52	0	0
1531	1	1	52	0	0
1532	1	1	52	0	0
1533	1	1	52	0	0
1534	1	1	52	0	0
1535	1	1	52	0	0
