Frame	Objetos_Detectados	IDs_Confirmados	IDs_Unicos	En_Zonas	Cruzaron_Lineas
1	2	0	0	0	0
2	2	0	0	0	0
3	2	0	0	0	0
4	2	0	0	0	0
5	2	0	0	0	0
6	2	0	0	0	0
7	2	0	0	0	0
8	2	0	0	0	0
9	2	0	0	0	0
10	2	0	0	0	0
11	2	0	0	0	0
12	2	0	0	0	0
13	2	0	0	0	0
14	1	0	0	0	0
15	1	0	0	0	0
16	3	0	0	0	0
17	3	0	0	0	0
18	3	0	0	0	0
19	3	0	0	0	0
20	3	0	0	0	0
21	3	0	0	0	0
22	3	0	0	0	0
23	3	0	0	0	0
24	3	0	0	0	0
25	3	0	0	0	0
26	3	0	0	0	0
27	3	0	0	0	0
28	3	0	0	0	0
29	3	0	0	0	0
30	3	0	0	0	0
31	3	0	0	0	0
32	3	0	0	0	0
33	2	0	0	0	0
34	2	0	0	0	0
35	2	0	0	0	0
36	2	0	0	0	0
37	2	0	0	0	0
38	2	0	0	0	0
39	2	0	0	0	0
40	2	0	0	0	0
41	2	0	0	0	0
42	2	0	0	0	0
43	2	0	0	0	0
44	2	0	0	0	0
45	2	0	0	0	0
46	2	0	0	0	0
47	2	0	0	0	0
48	2	0	0	0	0
49	2	0	0	0	0
50	2	0	0	0	0
51	2	0	0	0	0
52	2	0	0	0	0
53	2	0	0	0	0
54	2	0	0	0	0
55	2	0	0	0	0
56	2	0	0	0	0
57	2	0	0	0	0
58	2	0	0	0	0
59	2	0	0	0	0
60	2	0	0	0	0
61	2	0	0	0	0
62	2	0	0	0	0
63	2	0	0	0	0
64	2	0	0	0	0
65	2	0	0	0	0
66	3	1	1	0	0
67	3	0	1	0	0
68	3	0	1	0	0
69	3	0	1	0	0
70	4	1	1	0	0
71	3	0	1	0	0
72	3	0	1	0	0
73	3	0	1	0	0
74	3	0	1	0	0
75	3	0	1	0	0
76	3	1	2	0	0
77	4	1	2	0	0
78	4	1	2	0	0
79	4	1	2	0	0
80	3	1	2	0	0
81	3	1	2	0	0
82	3	1	2	0	0
83	4	1	2	0	0
84	3	1	2	0	0
85	3	0	2	0	0
86	2	0	2	0	0
87	4	1	2	0	0
88	4	1	2	0	0
89	4	1	2	0	0
90	4	1	2	0	0
91	5	2	2	0	0
92	5	2	2	0	0
93	5	2	2	0	0
94	5	2	2	0	0
95	5	2	2	0	0
96	5	2	2	0	0
97	5	2	2	0	0
98	5	2	2	0	0
99	5	2	2	0	0
100	5	2	2	0	0
101	5	2	2	0	0
102	5	2	2	0	0
103	5	2	2	0	0
104	5	2	2	0	0
105	5	2	2	0	0
106	5	2	2	0	0
107	5	2	2	0	0
108	5	2	2	0	0
109	5	2	2	0	0
110	5	2	2	0	0
111	5	2	2	0	0
112	5	2	2	0	0
113	5	2	2	0	0
114	5	2	2	0	0
115	5	2	2	0	0
116	5	2	2	0	0
117	5	2	2	0	0
118	4	1	2	0	0
119	4	1	2	0	0
120	4	1	2	0	0
121	3	1	2	0	0
122	4	2	2	0	0
123	4	2	2	0	0
124	4	2	2	0	0
125	4	1	2	0	0
126	5	2	2	0	0
127	4	2	2	0	0
128	4	2	2	0	0
129	4	2	2	0	0
130	4	2	2	0	0
131	4	2	2	0	0
132	4	2	2	0	0
133	3	2	2	0	0
134	3	2	2	0	0
135	3	2	2	0	0
136	2	1	2	0	0
137	2	1	2	0	0
138	3	1	2	0	0
139	3	1	2	0	0
140	2	1	2	0	0
141	2	1	2	0	0
142	2	1	2	0	0
143	2	1	2	0	0
144	2	1	2	0	0
145	3	1	2	0	0
146	3	0	2	0	0
147	4	1	2	0	0
148	3	0	2	0	0
149	3	1	2	0	0
150	4	1	2	0	0
151	4	1	2	0	0
152	2	1	2	0	0
153	3	1	2	0	0
154	2	1	2	0	0
155	3	1	2	0	0
156	3	1	2	0	0
157	3	1	2	0	0
158	3	1	2	0	0
159	3	1	2	0	0
160	3	1	2	0	0
161	3	1	2	0	0
162	3	1	2	0	0
163	3	1	2	0	0
164	4	2	3	0	0
165	3	1	3	0	0
166	3	1	3	0	0
167	4	2	3	0	0
168	3	1	3	0	0
169	3	1	3	0	0
170	3	1	3	0	0
171	4	2	3	0	0
172	3	1	3	0	0
173	3	1	3	0	0
174	3	1	3	0	0
175	4	2	3	0	0
176	3	1	3	0	0
177	4	2	3	0	0
178	4	2	3	0	0
179	4	2	3	0	0
180	4	2	3	0	0
181	4	2	3	0	0
182	4	2	3	0	0
183	3	1	3	0	0
184	3	1	3	0	0
185	4	1	3	0	0
186	4	1	3	0	0
187	4	1	3	0	0
188	5	2	3	0	0
189	4	1	3	0	0
190	4	1	3	0	0
191	5	2	3	0	0
192	5	2	3	0	0
193	4	1	3	0	0
194	5	2	3	0	0
195	3	1	3	0	0
196	4	1	3	0	0
197	4	1	3	0	0
198	3	1	3	0	0
199	4	1	3	0	0
200	3	0	3	0	0
201	3	0	3	0	0
202	4	1	3	0	0
203	4	1	3	0	0
204	3	0	3	0	0
205	4	1	3	0	0
206	4	1	3	0	0
207	4	1	3	0	0
208	4	1	3	0	0
209	4	1	3	0	0
210	4	1	3	0	0
211	3	1	3	0	0
212	3	1	3	0	0
213	3	1	3	0	0
214	3	1	3	0	0
215	3	1	3	0	0
216	3	1	3	0	0
217	3	1	3	0	0
218	3	1	3	0	0
219	3	1	3	0	0
220	3	1	3	0	0
221	3	1	3	0	0
222	3	1	3	0	0
223	3	1	3	0	0
224	3	1	3	0	0
225	3	1	3	0	0
226	3	1	3	0	0
227	3	1	3	0	0
228	3	1	3	0	0
229	3	1	3	0	0
230	3	1	3	0	0
231	3	1	3	0	0
232	3	1	3	0	0
233	3	1	3	0	0
234	3	1	3	0	0
235	3	1	3	0	0
236	3	1	3	0	0
237	3	1	3	0	0
238	3	1	3	0	0
239	2	0	3	0	0
240	2	0	3	0	0
241	3	1	3	0	0
242	2	0	3	0	0
243	3	1	3	0	0
244	3	1	3	0	0
245	3	1	3	0	0
246	2	0	3	0	0
247	3	1	3	0	0
248	3	1	3	0	0
249	2	0	3	0	0
250	2	0	3	0	0
251	3	1	3	0	0
252	4	1	3	0	0
253	4	1	3	0	0
254	4	1	3	0	0
255	4	1	3	0	0
256	4	1	3	0	0
257	4	1	3	0	0
258	4	1	3	0	0
259	5	2	4	0	0
260	5	2	4	0	0
261	4	1	4	0	0
262	4	1	4	0	0
263	4	1	4	0	0
264	4	1	4	0	0
265	4	1	4	0	0
266	4	1	4	0	0
267	4	1	4	0	0
268	4	1	4	0	0
269	4	1	4	0	0
270	4	1	4	0	0
271	4	1	4	0	0
272	4	1	4	0	0
273	4	1	4	0	0
274	4	1	4	0	0
275	4	1	4	0	0
276	4	1	4	0	0
277	4	1	4	0	0
278	4	1	4	0	0
279	4	1	4	0	0
280	4	1	4	0	0
281	4	1	4	0	0
282	4	1	4	0	0
283	4	1	4	0	0
284	4	1	4	0	0
285	4	1	4	0	0
286	4	1	4	0	0
287	4	1	4	0	0
288	4	1	4	0	0
289	4	1	4	0	0
290	4	1	4	0	0
291	4	1	4	0	0
292	4	1	4	0	0
293	4	1	4	0	0
294	4	1	4	0	0
295	4	1	4	0	0
296	4	1	4	0	0
297	4	1	4	0	0
298	4	1	4	0	0
299	4	1	4	0	0
300	4	1	4	0	0
301	4	1	4	0	0
302	3	1	4	0	0
303	3	1	4	0	0
304	3	1	4	0	0
305	3	1	4	0	0
306	4	1	4	0	0
307	4	1	4	0	0
308	3	1	4	0	0
309	3	1	4	0	0
310	3	1	4	0	0
311	4	1	4	0	0
312	4	1	4	0	0
313	4	1	4	0	0
314	4	1	4	0	0
315	4	1	4	0	0
316	4	1	4	0	0
317	3	0	4	0	0
318	3	0	4	0	0
319	3	0	4	0	0
320	3	0	4	0	0
321	3	0	4	0	0
322	3	0	4	0	0
323	3	0	4	0	0
324	3	0	4	0	0
325	3	0	4	0	0
326	3	0	4	0	0
327	4	1	4	0	0
328	4	1	4	0	0
329	4	1	4	0	0
330	4	1	4	0	0
331	4	1	4	0	0
332	4	1	4	0	0
333	4	1	4	0	0
334	4	1	4	0	0
335	4	1	4	0	0
336	4	1	4	0	0
337	4	1	4	0	0
338	4	1	4	0	0
339	4	1	4	0	0
340	4	1	4	0	0
341	4	1	4	0	0
342	4	1	4	0	0
343	4	1	4	0	0
344	4	1	4	0	0
345	4	1	4	0	0
346	4	1	4	0	0
347	4	1	4	0	0
348	4	1	4	0	0
349	4	1	4	0	0
350	4	1	4	0	0
351	4	1	4	0	0
352	5	2	5	0	0
353	5	2	5	0	0
354	5	2	5	0	0
355	5	2	5	0	0
356	5	2	5	0	0
357	5	2	5	0	0
358	5	2	5	0	0
359	5	2	5	0	0
360	4	1	5	0	0
361	4	1	5	0	0
362	5	2	5	0	0
363	5	2	5	0	0
364	5	2	5	0	0
365	5	2	5	0	0
366	5	2	5	0	0
367	4	2	5	0	0
368	4	2	5	0	0
369	4	2	5	0	0
370	4	2	5	0	0
371	4	2	5	0	0
372	4	2	5	0	0
373	4	2	5	0	0
374	4	2	5	0	0
375	4	2	5	0	0
376	4	2	5	0	0
377	4	2	5	0	0
378	4	2	5	0	0
379	4	2	5	0	0
380	4	2	5	0	0
381	4	2	5	0	0
382	4	2	5	0	0
383	4	2	5	0	0
384	3	2	5	0	0
385	3	2	5	0	0
386	5	2	5	0	0
387	3	2	5	0	0
388	3	2	5	0	0
389	3	2	5	0	0
390	3	2	5	0	0
391	3	2	5	0	0
392	5	2	5	0	0
393	4	2	5	0	0
394	5	2	5	0	0
395	5	2	5	0	0
396	5	2	5	0	0
397	5	2	5	0	0
398	5	2	5	0	0
399	5	2	5	0	0
400	4	2	5	0	0
401	4	2	5	0	0
402	4	2	5	0	0
403	4	2	5	0	0
404	4	2	5	0	0
405	5	2	5	0	0
406	5	2	5	0	0
407	5	2	5	0	0
408	5	2	5	0	0
409	5	2	5	0	0
410	5	2	5	0	0
411	5	2	5	0	0
412	5	2	5	0	0
413	5	2	5	0	0
414	5	2	5	0	0
415	5	2	5	0	0
416	5	2	5	0	0
417	5	2	5	0	0
418	5	2	5	0	0
419	5	2	5	0	0
420	5	2	5	0	0
421	5	2	5	0	0
422	5	2	5	0	0
423	5	2	5	0	0
424	5	2	5	0	0
425	5	2	5	0	0
426	5	2	5	0	0
427	5	2	5	0	0
428	5	2	5	0	0
429	5	2	5	0	0
430	5	2	5	0	0
431	5	2	5	0	0
432	5	2	5	0	0
433	5	2	5	0	0
434	5	2	5	0	0
435	5	2	5	0	0
436	5	2	5	0	0
437	5	2	5	0	0
438	5	2	5	0	0
439	6	2	5	0	0
440	5	2	5	0	0
441	4	1	5	0	0
442	5	2	5	0	0
443	4	1	5	0	0
444	4	1	5	0	0
445	5	2	5	0	0
446	5	2	5	0	0
447	5	2	5	0	0
448	4	1	5	0	0
449	4	1	5	0	0
450	4	1	5	0	0
451	4	1	5	0	0
452	5	2	5	0	0
453	5	2	5	0	0
454	5	2	5	0	0
455	4	1	5	0	0
456	4	1	5	0	0
457	4	1	5	0	0
458	4	1	5	0	0
459	4	1	5	0	0
460	4	1	5	0	0
461	4	1	5	0	0
462	4	1	5	0	0
463	4	1	5	0	0
464	4	1	5	0	0
465	4	1	5	0	0
466	4	1	5	0	0
467	4	1	5	0	0
468	4	1	5	0	0
469	4	1	5	0	0
470	4	1	5	0	0
471	4	1	5	0	0
472	4	1	5	0	0
473	4	1	5	0	0
474	4	1	5	0	0
475	4	1	5	0	0
476	4	1	5	0	0
477	4	1	5	0	0
478	4	1	5	0	0
479	4	1	5	0	0
480	4	1	5	0	0
481	4	1	5	0	0
482	4	1	5	0	0
483	4	1	5	0	0
484	4	1	5	0	0
485	4	1	5	0	0
486	4	1	5	0	0
487	4	1	5	0	0
488	4	1	5	0	0
489	5	2	6	0	0
490	5	2	6	0	0
491	5	2	6	0	0
492	5	2	6	0	0
493	5	2	6	0	0
494	4	1	6	0	0
495	4	1	6	0	0
496	4	1	6	0	0
497	4	1	6	0	0
498	4	1	6	0	0
499	4	1	6	0	0
500	4	1	6	0	0
501	3	1	6	0	0
502	3	1	6	0	0
503	3	1	6	0	0
504	3	1	6	0	0
505	3	1	6	0	0
506	3	1	6	0	0
507	3	1	6	0	0
508	3	1	6	0	0
509	3	1	6	0	0
510	3	1	6	0	0
511	2	0	6	0	0
512	2	0	6	0	0
513	2	0	6	0	0
514	2	0	6	0	0
515	2	0	6	0	0
516	2	0	6	0	0
517	2	0	6	0	0
518	2	0	6	0	0
519	2	0	6	0	0
520	2	0	6	0	0
521	2	0	6	0	0
522	2	0	6	0	0
523	2	0	6	0	0
524	2	0	6	0	0
525	2	0	6	0	0
526	2	0	6	0	0
527	2	0	6	0	0
528	2	0	6	0	0
529	2	0	6	0	0
530	2	0	6	0	0
531	2	0	6	0	0
532	2	0	6	0	0
533	2	0	6	0	0
534	2	0	6	0	0
535	2	0	6	0	0
536	2	0	6	0	0
537	3	1	6	0	0
538	3	1	6	0	0
539	3	1	6	0	0
540	3	1	6	0	0
541	3	1	6	0	0
542	3	1	6	0	0
543	3	1	6	0	0
544	3	1	6	0	0
545	3	1	6	0	0
546	3	1	6	0	0
547	3	1	6	0	0
548	3	1	6	0	0
549	3	1	6	0	0
550	3	1	6	0	0
551	3	1	6	0	0
552	3	1	6	0	0
553	3	1	6	0	0
554	3	1	6	0	0
555	3	1	6	0	0
556	3	1	6	0	0
557	3	1	6	0	0
558	3	1	6	0	0
559	3	1	6	0	0
560	3	1	6	0	0
561	3	1	6	0	0
562	3	1	6	0	0
563	3	1	6	0	0
564	3	1	6	0	0
565	3	1	6	0	0
566	3	1	6	0	0
567	3	1	6	0	0
568	3	1	6	0	0
569	3	1	6	0	0
570	3	1	6	0	0
571	3	1	6	0	0
572	3	1	6	0	0
573	3	1	6	0	0
574	3	1	6	0	0
575	3	1	6	0	0
576	3	1	6	0	0
577	2	0	6	0	0
578	2	0	6	0	0
579	2	0	6	0	0
580	2	0	6	0	0
581	2	0	6	0	0
582	2	0	6	0	0
583	2	0	6	0	0
584	2	0	6	0	0
585	2	0	6	0	0
586	2	0	6	0	0
587	2	0	6	0	0
588	3	1	6	0	0
589	3	1	6	0	0
590	3	1	6	0	0
591	3	1	6	0	0
592	3	1	6	0	0
593	3	1	6	0	0
594	3	1	6	0	0
595	3	1	6	0	0
596	3	1	6	0	0
597	3	1	6	0	0
598	3	1	6	0	0
599	3	1	6	0	0
600	3	1	6	0	0
601	3	1	6	0	0
602	3	1	6	0	0
603	3	1	6	0	0
604	3	1	6	0	0
605	3	1	6	0	0
606	3	1	6	0	0
607	3	1	6	0	0
608	3	1	6	0	0
609	3	1	6	0	0
610	3	1	6	0	0
611	3	1	6	0	0
612	3	1	6	0	0
613	3	1	6	0	0
614	3	1	6	0	0
615	3	1	6	0	0
616	3	1	6	0	0
617	3	1	6	0	0
618	3	1	6	0	0
619	3	1	6	0	0
620	3	1	6	0	0
621	3	1	6	0	0
622	3	1	6	0	0
623	3	1	6	0	0
624	3	1	6	0	0
625	3	1	6	0	0
626	3	1	6	0	0
627	3	1	6	0	0
628	3	1	6	0	0
629	3	1	6	0	0
630	3	1	6	0	0
631	3	1	6	0	0
632	3	1	6	0	0
633	3	1	6	0	0
634	3	1	6	0	0
635	3	1	6	0	0
636	3	1	6	0	0
637	3	1	6	0	0
638	3	1	6	0	0
639	3	1	6	0	0
640	3	1	6	0	0
641	3	1	6	0	0
642	3	1	6	0	0
643	3	1	6	0	0
644	3	1	6	0	0
645	3	1	6	0	0
646	3	1	6	0	0
647	3	1	6	0	0
648	3	1	6	0	0
649	3	1	6	0	0
650	3	1	6	0	0
651	3	1	6	0	0
652	3	1	6	0	0
653	3	1	6	0	0
654	3	1	6	0	0
655	3	1	6	0	0
656	3	1	6	0	0
657	3	1	6	0	0
658	3	1	6	0	0
659	3	1	6	0	0
660	2	1	6	0	0
661	3	1	6	0	0
662	3	1	6	0	0
663	3	1	6	0	0
664	3	1	6	0	0
665	3	1	6	0	0
666	3	1	6	0	0
667	3	1	6	0	0
668	3	1	6	0	0
669	3	1	6	0	0
670	3	1	6	0	0
671	3	1	6	0	0
672	3	1	6	0	0
673	3	1	6	0	0
674	3	1	6	0	0
675	3	1	6	0	0
676	3	1	6	0	0
677	3	1	6	0	0
678	3	1	6	0	0
679	2	1	6	0	0
680	3	1	6	0	0
681	3	1	6	0	0
682	2	1	6	0	0
683	2	1	6	0	0
684	2	1	6	0	0
685	2	1	6	0	0
686	2	1	6	0	0
687	2	1	6	0	0
688	2	1	6	0	0
689	2	1	6	0	0
690	2	1	6	0	0
691	2	1	6	0	0
692	2	1	6	0	0
693	2	1	6	0	0
694	2	1	6	0	0
695	2	1	6	0	0
696	1	0	6	0	0
697	1	0	6	0	0
698	2	0	6	0	0
699	2	0	6	0	0
700	2	0	6	0	0
701	2	0	6	0	0
702	2	0	6	0	0
703	2	0	6	0	0
704	1	0	6	0	0
705	2	0	6	0	0
706	2	0	6	0	0
707	2	0	6	0	0
708	2	0	6	0	0
709	2	0	6	0	0
710	2	0	6	0	0
711	2	0	6	0	0
712	2	0	6	0	0
713	2	0	6	0	0
714	2	0	6	0	0
715	2	0	6	0	0
716	2	0	6	0	0
717	2	0	6	0	0
718	2	0	6	0	0
719	2	0	6	0	0
720	2	0	6	0	0
721	2	0	6	0	0
722	2	0	6	0	0
723	2	0	6	0	0
724	2	0	6	0	0
725	2	0	6	0	0
726	2	0	6	0	0
727	3	1	6	0	0
728	2	0	6	0	0
729	2	0	6	0	0
730	2	0	6	0	0
731	3	1	7	0	0
732	3	1	7	0	0
733	3	1	7	0	0
734	3	1	7	0	0
735	3	1	7	0	0
736	3	1	7	0	0
737	3	1	7	0	0
738	3	1	7	0	0
739	3	1	7	0	0
740	3	1	7	0	0
741	2	1	7	0	0
742	2	1	7	0	0
743	2	1	7	0	0
744	2	1	7	0	0
745	2	1	7	0	0
746	2	1	7	0	0
747	2	1	7	0	0
748	2	1	7	0	0
749	2	1	7	0	0
750	2	1	7	0	0
751	2	0	7	0	0
752	2	0	7	0	0
753	2	0	7	0	0
754	2	0	7	0	0
755	2	0	7	0	0
756	2	0	7	0	0
757	2	0	7	0	0
758	2	0	7	0	0
759	2	0	7	0	0
760	2	0	7	0	0
761	2	0	7	0	0
762	2	0	7	0	0
763	2	0	7	0	0
764	2	0	7	0	0
765	2	0	7	0	0
766	2	0	7	0	0
767	2	0	7	0	0
768	2	0	7	0	0
769	2	0	7	0	0
770	2	0	7	0	0
771	2	0	7	0	0
772	2	0	7	0	0
773	2	0	7	0	0
774	2	0	7	0	0
775	2	0	7	0	0
776	2	0	7	0	0
777	2	0	7	0	0
778	2	0	7	0	0
779	2	0	7	0	0
780	2	0	7	0	0
781	2	0	7	0	0
782	2	0	7	0	0
783	2	0	7	0	0
784	2	0	7	0	0
785	2	0	7	0	0
786	2	0	7	0	0
787	2	0	7	0	0
788	2	0	7	0	0
789	2	0	7	0	0
