Frame	Objetos_Detectados	IDs_Confirmados	IDs_Unicos	En_Zonas	Cruzaron_Lineas
1	2	2	2	0	0
2	2	2	2	0	0
3	2	2	2	0	0
4	2	2	2	0	0
5	2	2	2	0	0
6	2	2	2	0	0
7	2	2	2	0	0
8	2	2	2	0	0
9	2	2	2	0	0
10	2	2	2	0	0
11	2	2	2	0	0
12	2	2	2	0	0
13	2	2	2	0	0
14	1	1	2	0	0
15	1	1	2	0	0
16	3	3	3	0	0
17	3	3	3	0	0
18	3	3	3	0	0
19	3	3	3	0	0
20	3	3	3	0	0
21	3	3	3	0	0
22	3	3	3	0	0
23	3	3	3	0	0
24	3	3	3	0	0
25	3	3	3	0	0
26	3	3	3	0	0
27	3	3	3	0	0
28	3	3	3	0	0
29	3	3	3	0	0
30	3	3	3	0	0
31	3	3	3	0	0
32	3	3	3	0	0
33	2	2	3	0	0
34	2	2	3	0	0
35	2	2	3	0	0
36	2	2	3	0	0
37	2	2	3	0	0
38	2	2	3	0	0
39	2	2	3	0	0
40	2	2	3	0	0
41	2	2	3	0	0
42	2	2	3	0	0
43	2	2	3	0	0
44	2	2	3	0	0
45	2	2	3	0	0
46	2	2	3	0	0
47	2	2	3	0	0
48	2	2	3	0	0
49	2	2	3	0	0
50	2	2	3	0	0
51	2	2	3	0	0
52	2	2	3	0	0
53	2	2	3	0	0
54	2	2	3	0	0
55	2	2	3	0	0
56	2	2	3	0	0
57	2	2	3	0	0
58	2	2	3	0	0
59	2	2	3	0	0
60	2	2	3	0	0
61	2	2	3	0	0
62	2	2	3	0	0
63	2	2	3	0	0
64	2	2	3	0	0
65	2	2	3	0	0
66	3	3	4	0	0
67	3	3	5	0	0
68	3	3	5	0	0
69	3	3	5	0	0
70	4	4	5	0	0
71	3	3	5	0	0
72	3	3	5	0	0
73	3	3	5	0	0
74	3	3	5	0	0
75	3	3	5	0	0
76	3	3	6	0	0
77	4	4	6	0	0
78	4	4	6	0	0
79	4	4	6	0	0
80	3	3	6	0	0
81	3	3	6	0	0
82	3	3	6	0	0
83	4	4	6	0	0
84	3	3	6	0	0
85	3	3	6	0	0
86	2	2	6	0	0
87	4	4	6	0	0
88	4	4	6	0	0
89	4	4	6	0	0
90	4	4	6	0	0
91	5	5	6	0	0
92	5	5	6	0	0
93	5	5	6	0	0
94	5	5	6	0	0
95	5	5	6	0	0
96	5	5	6	0	0
97	5	5	6	0	0
98	5	5	6	0	0
99	5	5	6	0	0
100	5	5	6	0	0
101	5	5	6	0	0
102	5	5	6	0	0
103	5	5	6	0	0
104	5	5	6	0	0
105	5	5	6	0	0
106	5	5	6	0	0
107	5	5	6	0	0
108	5	5	6	0	0
109	5	5	6	0	0
110	5	5	6	0	0
111	5	5	6	0	0
112	5	5	6	0	0
113	5	5	6	0	0
114	5	5	6	0	0
115	5	5	6	0	0
116	5	5	6	0	0
117	5	5	6	0	0
118	4	4	6	0	0
119	4	4	6	0	0
120	4	4	6	0	0
121	3	3	6	0	0
122	4	4	6	0	0
123	4	4	6	0	0
124	4	4	6	0	0
125	4	4	6	0	0
126	5	5	6	0	0
127	4	4	6	0	0
128	4	4	6	0	0
129	4	4	6	0	0
130	4	4	6	0	0
131	4	4	6	0	0
132	4	4	6	0	0
133	3	3	6	0	0
134	3	3	6	0	0
135	3	3	6	0	0
136	2	2	6	0	0
137	2	2	6	0	0
138	3	3	6	0	0
139	3	3	6	0	0
140	2	2	6	0	0
141	2	2	6	0	0
142	2	2	6	0	0
143	2	2	6	0	0
144	2	2	6	0	0
145	3	3	6	0	0
146	3	3	6	0	0
147	4	4	6	0	0
148	3	3	6	0	0
149	3	3	6	0	0
150	4	4	6	0	0
151	4	4	6	0	0
152	2	2	6	0	0
153	3	3	6	0	0
154	2	2	6	0	0
155	3	3	6	0	0
156	3	3	6	0	0
157	3	3	6	0	0
158	3	3	6	0	0
159	3	3	6	0	0
160	3	3	6	0	0
161	3	3	6	0	0
162	3	3	6	0	0
163	3	3	6	0	0
164	4	4	6	0	0
165	3	3	6	0	0
166	3	3	6	0	0
167	4	4	6	0	0
168	3	3	6	0	0
169	3	3	6	0	0
170	3	3	6	0	0
171	4	4	6	0	0
172	3	3	6	0	0
173	3	3	6	0	0
174	3	3	6	0	0
175	4	4	6	0	0
176	3	3	6	0	0
177	4	4	6	0	0
178	4	4	6	0	0
179	4	4	6	0	0
180	4	4	6	0	0
181	4	4	6	0	0
182	4	4	6	0	0
183	3	3	6	0	0
184	3	3	6	0	0
185	4	4	7	0	0
186	4	4	7	0	0
187	4	4	7	0	0
188	5	5	7	0	0
189	4	4	7	0	0
190	4	4	7	0	0
191	5	5	7	0	0
192	5	5	7	0	0
193	4	4	7	0	0
194	5	5	7	0	0
195	3	3	7	0	0
196	4	4	7	0	0
197	4	4	7	0	0
198	3	3	7	0	0
199	4	4	7	0	0
200	3	3	7	0	0
201	3	3	7	0	0
202	4	4	7	0	0
203	4	4	7	0	0
204	3	3	7	0	0
205	4	4	7	0	0
206	4	4	7	0	0
207	4	4	7	0	0
208	4	4	7	0	0
209	4	4	7	0	0
210	4	4	7	0	0
211	3	3	7	0	0
212	3	3	7	0	0
213	3	3	7	0	0
214	3	3	7	0	0
215	3	3	7	0	0
216	3	3	7	0	0
217	3	3	7	0	0
218	3	3	7	0	0
219	3	3	7	0	0
220	3	3	7	0	0
221	3	3	7	0	0
222	3	3	7	0	0
223	3	3	7	0	0
224	3	3	7	0	0
225	3	3	7	0	0
226	3	3	7	0	0
227	3	3	7	0	0
228	3	3	7	0	0
229	3	3	7	0	0
230	3	3	7	0	0
231	3	3	7	0	0
232	3	3	7	0	0
233	3	3	7	0	0
234	3	3	7	0	0
235	3	3	7	0	0
236	3	3	7	0	0
237	3	3	7	0	0
238	3	3	7	0	0
239	2	2	7	0	0
240	2	2	7	0	0
241	3	3	7	0	0
242	2	2	7	0	0
243	3	3	7	0	0
244	3	3	7	0	0
245	3	3	7	0	0
246	2	2	7	0	0
247	3	3	7	0	0
248	3	3	7	0	0
249	2	2	7	0	0
250	2	2	7	0	0
251	3	3	7	0	0
252	4	4	8	0	0
253	4	4	8	0	0
254	4	4	8	0	0
255	4	4	8	0	0
256	4	4	8	0	0
257	4	4	8	0	0
258	4	4	8	0	0
259	5	5	9	0	0
260	5	5	9	0	0
261	4	4	9	0	0
262	4	4	9	0	0
263	4	4	9	0	0
264	4	4	9	0	0
265	4	4	9	0	0
266	4	4	9	0	0
267	4	4	9	0	0
268	4	4	9	0	0
269	4	4	9	0	0
270	4	4	9	0	0
271	4	4	9	0	0
272	4	4	9	0	0
273	4	4	9	0	0
274	4	4	9	0	0
275	4	4	9	0	0
276	4	4	9	0	0
277	4	4	9	0	0
278	4	4	9	0	0
279	4	4	9	0	0
280	4	4	9	0	0
281	4	4	9	0	0
282	4	4	9	0	0
283	4	4	9	0	0
284	4	4	9	0	0
285	4	4	9	0	0
286	4	4	9	0	0
287	4	4	9	0	0
288	4	4	9	0	0
289	4	4	9	0	0
290	4	4	9	0	0
291	4	4	9	0	0
292	4	4	9	0	0
293	4	4	9	0	0
294	4	4	9	0	0
295	4	4	9	0	0
296	4	4	9	0	0
297	4	4	9	0	0
298	4	4	9	0	0
299	4	4	9	0	0
300	4	4	9	0	0
301	4	4	9	0	0
302	3	3	9	0	0
303	3	3	9	0	0
304	3	3	9	0	0
305	3	3	9	0	0
306	4	4	9	0	0
307	4	4	9	0	0
308	3	3	9	0	0
309	3	3	9	0	0
310	3	3	9	0	0
311	4	4	9	0	0
312	4	4	9	0	0
313	4	4	9	0	0
314	4	4	9	0	0
315	4	4	9	0	0
316	4	4	9	0	0
317	3	3	9	0	0
318	3	3	9	0	0
319	3	3	9	0	0
320	3	3	9	0	0
321	3	3	9	0	0
322	3	3	9	0	0
323	3	3	9	0	0
324	3	3	9	0	0
325	3	3	9	0	0
326	3	3	9	0	0
327	4	4	9	0	0
328	4	4	9	0	0
329	4	4	9	0	0
330	4	4	9	0	0
331	4	4	9	0	0
332	4	4	9	0	0
333	4	4	9	0	0
334	4	4	9	0	0
335	4	4	9	0	0
336	4	4	9	0	0
337	4	4	9	0	0
338	4	4	9	0	0
339	4	4	9	0	0
340	4	4	9	0	0
341	4	4	9	0	0
342	4	4	9	0	0
343	4	4	9	0	0
344	4	4	9	0	0
345	4	4	9	0	0
346	4	4	9	0	0
347	4	4	9	0	0
348	4	4	9	0	0
349	4	4	9	0	0
350	4	4	9	0	0
351	4	4	9	0	0
352	5	5	10	0	0
353	5	5	10	0	0
354	5	5	10	0	0
355	5	5	10	0	0
356	5	5	10	0	0
357	5	5	10	0	0
358	5	5	10	0	0
359	5	5	10	0	0
360	4	4	10	0	0
361	4	4	10	0	0
362	5	5	10	0	0
363	5	5	10	0	0
364	5	5	10	0	0
365	5	5	10	0	0
366	5	5	10	0	0
367	4	4	10	0	0
368	4	4	10	0	0
369	4	4	10	0	0
370	4	4	10	0	0
371	4	4	10	0	0
372	4	4	10	0	0
373	4	4	10	0	0
374	4	4	10	0	0
375	4	4	10	0	0
376	4	4	10	0	0
377	4	4	10	0	0
378	4	4	10	0	0
379	4	4	10	0	0
380	4	4	10	0	0
381	4	4	10	0	0
382	4	4	10	0	0
383	4	4	10	0	0
384	3	3	10	0	0
385	3	3	10	0	0
386	5	5	10	0	0
387	3	3	10	0	0
388	3	3	10	0	0
389	3	3	10	0	0
390	3	3	10	0	0
391	3	3	10	0	0
392	5	5	10	0	0
393	4	4	10	0	0
394	5	5	11	0	0
395	5	5	11	0	0
396	5	5	11	0	0
397	5	5	11	0	0
398	5	5	11	0	0
399	5	5	11	0	0
400	4	4	11	0	0
401	4	4	11	0	0
402	4	4	11	0	0
403	4	4	11	0	0
404	4	4	11	0	0
405	5	5	11	0	0
406	5	5	11	0	0
407	5	5	11	0	0
408	5	5	11	0	0
409	5	5	11	0	0
410	5	5	11	0	0
411	5	5	11	0	0
412	5	5	11	0	0
413	5	5	11	0	0
414	5	5	11	0	0
415	5	5	11	0	0
416	5	5	11	0	0
417	5	5	11	0	0
418	5	5	11	0	0
419	5	5	11	0	0
420	5	5	11	0	0
421	5	5	11	0	0
422	5	5	11	0	0
423	5	5	11	0	0
424	5	5	11	0	0
425	5	5	11	0	0
426	5	5	11	0	0
427	5	5	11	0	0
428	5	5	11	0	0
429	5	5	11	0	0
430	5	5	11	0	0
431	5	5	11	0	0
432	5	5	11	0	0
433	5	5	11	0	0
434	5	5	11	0	0
435	5	5	11	0	0
436	5	5	11	0	0
437	5	5	11	0	0
438	5	5	11	0	0
439	6	6	12	0	0
440	5	5	12	0	0
441	4	4	12	0	0
442	5	5	12	0	0
443	4	4	12	0	0
444	4	4	12	0	0
445	5	5	12	0	0
446	5	5	12	0	0
447	5	5	12	0	0
448	4	4	12	0	0
449	4	4	12	0	0
450	4	4	12	0	0
451	4	4	12	0	0
452	5	5	12	0	0
453	5	5	12	0	0
454	5	5	12	0	0
455	4	4	12	0	0
456	4	4	12	0	0
457	4	4	12	0	0
458	4	4	12	0	0
459	4	4	12	0	0
460	4	4	12	0	0
461	4	4	12	0	0
462	4	4	12	0	0
463	4	4	12	0	0
464	4	4	12	0	0
465	4	4	12	0	0
466	4	4	12	0	0
467	4	4	12	0	0
468	4	4	12	0	0
469	4	4	12	0	0
470	4	4	12	0	0
471	4	4	12	0	0
472	4	4	12	0	0
473	4	4	12	0	0
474	4	4	12	0	0
475	4	4	12	0	0
476	4	4	12	0	0
477	4	4	12	0	0
478	4	4	12	0	0
479	4	4	12	0	0
480	4	4	12	0	0
481	4	4	12	0	0
482	4	4	12	0	0
483	4	4	12	0	0
484	4	4	12	0	0
485	4	4	12	0	0
486	4	4	12	0	0
487	4	4	12	0	0
488	4	4	12	0	0
489	5	5	13	0	0
490	5	5	13	0	0
491	5	5	13	0	0
492	5	5	13	0	0
493	5	5	13	0	0
494	4	4	13	0	0
495	4	4	13	0	0
496	4	4	13	0	0
497	4	4	13	0	0
498	4	4	13	0	0
499	4	4	13	0	0
500	4	4	13	0	0
501	3	3	13	0	0
502	3	3	13	0	0
503	3	3	13	0	0
504	3	3	13	0	0
505	3	3	13	0	0
506	3	3	13	0	0
507	3	3	13	0	0
508	3	3	13	0	0
509	3	3	13	0	0
510	3	3	13	0	0
511	2	2	13	0	0
512	2	2	13	0	0
513	2	2	13	0	0
514	2	2	13	0	0
515	2	2	13	0	0
516	2	2	13	0	0
517	2	2	13	0	0
518	2	2	13	0	0
519	2	2	13	0	0
520	2	2	13	0	0
521	2	2	13	0	0
522	2	2	13	0	0
523	2	2	13	0	0
524	2	2	13	0	0
525	2	2	13	0	0
526	2	2	13	0	0
527	2	2	13	0	0
528	2	2	13	0	0
529	2	2	13	0	0
530	2	2	13	0	0
531	2	2	13	0	0
532	2	2	13	0	0
533	2	2	13	0	0
534	2	2	13	0	0
535	2	2	13	0	0
536	2	2	13	0	0
537	3	3	13	0	0
538	3	3	13	0	0
539	3	3	13	0	0
540	3	3	13	0	0
541	3	3	13	0	0
542	3	3	13	0	0
543	3	3	13	0	0
544	3	3	13	0	0
545	3	3	13	0	0
546	3	3	13	0	0
547	3	3	13	0	0
548	3	3	13	0	0
549	3	3	13	0	0
550	3	3	13	0	0
551	3	3	13	0	0
552	3	3	13	0	0
553	3	3	13	0	0
554	3	3	13	0	0
555	3	3	13	0	0
556	3	3	13	0	0
557	3	3	13	0	0
558	3	3	13	0	0
559	3	3	13	0	0
560	3	3	13	0	0
561	3	3	13	0	0
562	3	3	13	0	0
563	3	3	13	0	0
564	3	3	13	0	0
565	3	3	13	0	0
566	3	3	13	0	0
567	3	3	13	0	0
568	3	3	13	0	0
569	3	3	13	0	0
570	3	3	13	0	0
571	3	3	13	0	0
572	3	3	13	0	0
573	3	3	13	0	0
574	3	3	13	0	0
575	3	3	13	0	0
576	3	3	13	0	0
577	2	2	13	0	0
578	2	2	13	0	0
579	2	2	13	0	0
580	2	2	13	0	0
581	2	2	13	0	0
582	2	2	13	0	0
583	2	2	13	0	0
584	2	2	13	0	0
585	2	2	13	0	0
586	2	2	13	0	0
587	2	2	13	0	0
588	3	3	13	0	0
589	3	3	13	0	0
590	3	3	13	0	0
591	3	3	13	0	0
592	3	3	13	0	0
593	3	3	13	0	0
594	3	3	13	0	0
595	3	3	13	0	0
596	3	3	13	0	0
597	3	3	13	0	0
598	3	3	13	0	0
599	3	3	13	0	0
600	3	3	13	0	0
601	3	3	13	0	0
602	3	3	13	0	0
603	3	3	13	0	0
604	3	3	13	0	0
605	3	3	13	0	0
606	3	3	13	0	0
607	3	3	13	0	0
608	3	3	13	0	0
609	3	3	13	0	0
610	3	3	13	0	0
611	3	3	13	0	0
612	3	3	13	0	0
613	3	3	13	0	0
614	3	3	13	0	0
615	3	3	13	0	0
616	3	3	13	0	0
617	3	3	13	0	0
618	3	3	13	0	0
619	3	3	13	0	0
620	3	3	13	0	0
621	3	3	13	0	0
622	3	3	13	0	0
623	3	3	13	0	0
624	3	3	13	0	0
625	3	3	13	0	0
626	3	3	13	0	0
627	3	3	13	0	0
628	3	3	13	0	0
629	3	3	13	0	0
630	3	3	13	0	0
631	3	3	13	0	0
632	3	3	13	0	0
633	3	3	13	0	0
634	3	3	13	0	0
635	3	3	13	0	0
636	3	3	13	0	0
637	3	3	13	0	0
638	3	3	13	0	0
639	3	3	13	0	0
640	3	3	13	0	0
641	3	3	13	0	0
642	3	3	13	0	0
643	3	3	13	0	0
644	3	3	13	0	0
645	3	3	13	0	0
646	3	3	13	0	0
647	3	3	13	0	0
648	3	3	13	0	0
649	3	3	13	0	0
650	3	3	13	0	0
651	3	3	13	0	0
652	3	3	13	0	0
653	3	3	13	0	0
654	3	3	13	0	0
655	3	3	13	0	0
656	3	3	13	0	0
657	3	3	13	0	0
658	3	3	13	0	0
659	3	3	13	0	0
660	2	2	13	0	0
661	3	3	13	0	0
662	3	3	13	0	0
663	3	3	13	0	0
664	3	3	13	0	0
665	3	3	13	0	0
666	3	3	13	0	0
667	3	3	13	0	0
668	3	3	13	0	0
669	3	3	13	0	0
670	3	3	13	0	0
671	3	3	13	0	0
672	3	3	13	0	0
673	3	3	13	0	0
674	3	3	13	0	0
675	3	3	13	0	0
676	3	3	13	0	0
677	3	3	13	0	0
678	3	3	13	0	0
679	2	2	13	0	0
680	3	3	13	0	0
681	3	3	13	0	0
682	2	2	13	0	0
683	2	2	13	0	0
684	2	2	13	0	0
685	2	2	13	0	0
686	2	2	13	0	0
687	2	2	13	0	0
688	2	2	13	0	0
689	2	2	13	0	0
690	2	2	13	0	0
691	2	2	13	0	0
692	2	2	13	0	0
693	2	2	13	0	0
694	2	2	13	0	0
695	2	2	13	0	0
696	1	1	13	0	0
697	1	1	13	0	0
698	2	2	13	0	0
699	2	2	13	0	0
700	2	2	13	0	0
701	2	2	13	0	0
702	2	2	13	0	0
703	2	2	13	0	0
704	1	1	13	0	0
705	2	2	13	0	0
706	2	2	13	0	0
707	2	2	13	0	0
708	2	2	13	0	0
709	2	2	13	0	0
710	2	2	13	0	0
711	2	2	13	0	0
712	2	2	13	0	0
713	2	2	13	0	0
714	2	2	13	0	0
715	2	2	13	0	0
716	2	2	13	0	0
717	2	2	13	0	0
718	2	2	13	0	0
719	2	2	13	0	0
720	2	2	13	0	0
721	2	2	13	0	0
722	2	2	13	0	0
723	2	2	13	0	0
724	2	2	13	0	0
725	2	2	13	0	0
726	2	2	13	0	0
727	3	3	13	0	0
728	2	2	13	0	0
729	2	2	13	0	0
730	2	2	13	0	0
731	3	3	14	0	0
732	3	3	14	0	0
733	3	3	14	0	0
734	3	3	14	0	0
735	3	3	14	0	0
736	3	3	14	0	0
737	3	3	14	0	0
738	3	3	14	0	0
739	3	3	14	0	0
740	3	3	14	0	0
741	2	2	14	0	0
742	2	2	14	0	0
743	2	2	14	0	0
744	2	2	14	0	0
745	2	2	14	0	0
746	2	2	14	0	0
747	2	2	14	0	0
748	2	2	14	0	0
749	2	2	14	0	0
750	2	2	14	0	0
751	2	2	14	0	0
752	2	2	14	0	0
753	2	2	14	0	0
754	2	2	14	0	0
755	2	2	14	0	0
756	2	2	14	0	0
757	2	2	14	0	0
758	2	2	14	0	0
759	2	2	14	0	0
760	2	2	14	0	0
761	2	2	14	0	0
762	2	2	14	0	0
763	2	2	14	0	0
764	2	2	14	0	0
765	2	2	14	0	0
766	2	2	14	0	0
767	2	2	14	0	0
768	2	2	14	0	0
769	2	2	14	0	0
770	2	2	14	0	0
771	2	2	14	0	0
772	2	2	14	0	0
773	2	2	14	0	0
774	2	2	14	0	0
775	2	2	14	0	0
776	2	2	14	0	0
777	2	2	14	0	0
778	2	2	14	0	0
779	2	2	14	0	0
780	2	2	14	0	0
781	2	2	14	0	0
782	2	2	14	0	0
783	2	2	14	0	0
784	2	2	14	0	0
785	2	2	14	0	0
786	2	2	14	0	0
787	2	2	14	0	0
788	2	2	14	0	0
789	2	2	14	0	0
790	2	2	14	0	0
791	2	2	14	0	0
792	2	2	14	0	0
793	2	2	14	0	0
794	2	2	14	0	0
795	2	2	14	0	0
796	2	2	14	0	0
797	2	2	14	0	0
798	2	2	14	0	0
799	2	2	14	0	0
800	2	2	14	0	0
801	2	2	14	0	0
802	2	2	14	0	0
803	2	2	14	0	0
804	2	2	14	0	0
805	2	2	14	0	0
806	2	2	14	0	0
807	2	2	14	0	0
808	2	2	14	0	0
809	2	2	14	0	0
810	2	2	14	0	0
811	2	2	14	0	0
812	2	2	14	0	0
813	2	2	14	0	0
814	2	2	14	0	0
815	2	2	14	0	0
816	2	2	14	0	0
817	2	2	14	0	0
818	2	2	14	0	0
819	2	2	14	0	0
820	2	2	14	0	0
821	2	2	14	0	0
822	2	2	14	0	0
823	2	2	14	0	0
824	2	2	14	0	0
825	2	2	14	0	0
826	2	2	14	0	0
827	2	2	14	0	0
828	2	2	14	0	0
829	2	2	14	0	0
830	2	2	14	0	0
831	2	2	14	0	0
832	2	2	14	0	0
833	2	2	14	0	0
834	2	2	14	0	0
835	2	2	14	0	0
836	2	2	14	0	0
837	2	2	14	0	0
838	2	2	14	0	0
839	3	3	15	0	0
840	2	2	15	0	0
841	2	2	15	0	0
842	2	2	15	0	0
843	2	2	15	0	0
844	2	2	15	0	0
845	2	2	15	0	0
846	2	2	15	0	0
847	2	2	15	0	0
848	2	2	15	0	0
849	1	1	15	0	0
850	2	2	15	0	0
851	1	1	15	0	0
852	2	2	15	0	0
853	2	2	15	0	0
854	2	2	15	0	0
855	2	2	15	0	0
856	2	2	15	0	0
857	2	2	15	0	0
858	2	2	15	0	0
859	3	3	16	0	0
860	3	3	16	0	0
861	4	4	17	0	0
862	4	4	17	0	0
863	4	4	17	0	0
864	4	4	17	0	0
865	4	4	17	0	0
866	4	4	17	0	0
867	4	4	17	0	0
868	4	4	17	0	0
869	2	2	17	0	0
870	3	3	17	0	0
871	3	3	17	0	0
872	3	3	17	0	0
873	3	3	17	0	0
874	3	3	17	0	0
875	2	2	17	0	0
876	2	2	17	0	0
877	2	2	17	0	0
878	2	2	17	0	0
879	2	2	17	0	0
880	2	2	17	0	0
881	2	2	17	0	0
882	2	2	17	0	0
883	2	2	17	0	0
884	2	2	17	0	0
885	2	2	17	0	0
886	2	2	17	0	0
887	2	2	17	0	0
888	2	2	17	0	0
889	2	2	17	0	0
890	3	3	18	0	0
891	3	3	18	0	0
892	2	2	18	0	0
893	3	3	18	0	0
894	3	3	18	0	0
895	3	3	18	0	0
896	3	3	18	0	0
897	3	3	18	0	0
898	3	3	18	0	0
899	3	3	18	0	0
900	3	3	18	0	0
901	3	3	18	0	0
902	3	3	18	0	0
903	3	3	18	0	0
904	3	3	18	0	0
905	3	3	18	0	0
906	3	3	18	0	0
907	2	2	18	0	0
908	2	2	18	0	0
909	2	2	18	0	0
910	1	1	18	0	0
911	1	1	18	0	0
912	2	2	18	0	0
913	2	2	18	0	0
914	2	2	18	0	0
915	2	2	18	0	0
916	2	2	18	0	0
917	2	2	18	0	0
918	2	2	18	0	0
919	2	2	18	0	0
920	2	2	18	0	0
921	2	2	18	0	0
922	2	2	18	0	0
923	2	2	18	0	0
924	2	2	18	0	0
925	2	2	18	0	0
926	2	2	18	0	0
927	2	2	18	0	0
928	2	2	18	0	0
929	2	2	18	0	0
930	2	2	18	0	0
931	2	2	18	0	0
932	2	2	18	0	0
933	2	2	18	0	0
934	2	2	18	0	0
935	2	2	18	0	0
936	2	2	18	0	0
937	2	2	18	0	0
938	2	2	18	0	0
939	2	2	18	0	0
940	2	2	18	0	0
941	2	2	18	0	0
942	2	2	18	0	0
943	2	2	18	0	0
944	2	2	18	0	0
945	2	2	18	0	0
946	2	2	18	0	0
947	2	2	18	0	0
948	2	2	18	0	0
949	2	2	18	0	0
950	2	2	18	0	0
951	2	2	18	0	0
952	2	2	18	0	0
953	2	2	18	0	0
954	2	2	18	0	0
955	2	2	18	0	0
956	2	2	18	0	0
957	2	2	18	0	0
958	2	2	18	0	0
959	2	2	18	0	0
960	2	2	18	0	0
961	2	2	18	0	0
962	2	2	18	0	0
963	2	2	18	0	0
964	2	2	18	0	0
965	2	2	18	0	0
966	2	2	18	0	0
967	2	2	18	0	0
968	2	2	18	0	0
969	2	2	18	0	0
970	2	2	18	0	0
971	2	2	18	0	0
972	2	2	18	0	0
973	3	3	19	0	0
974	3	3	19	0	0
975	2	2	19	0	0
976	2	2	19	0	0
977	2	2	19	0	0
978	2	2	19	0	0
979	2	2	19	0	0
980	2	2	19	0	0
981	2	2	19	0	0
982	2	2	19	0	0
983	2	2	19	0	0
984	2	2	19	0	0
985	2	2	19	0	0
986	2	2	19	0	0
987	2	2	19	0	0
988	2	2	19	0	0
989	2	2	19	0	0
990	2	2	19	0	0
991	2	2	19	0	0
992	2	2	19	0	0
993	2	2	19	0	0
994	2	2	19	0	0
995	2	2	19	0	0
996	2	2	19	0	0
997	2	2	19	0	0
998	2	2	19	0	0
999	2	2	19	0	0
1000	2	2	19	0	0
1001	2	2	19	0	0
1002	2	2	19	0	0
1003	2	2	19	0	0
1004	2	2	19	0	0
1005	2	2	19	0	0
1006	2	2	19	0	0
1007	2	2	19	0	0
1008	2	2	19	0	0
1009	2	2	19	0	0
1010	2	2	19	0	0
1011	2	2	19	0	0
1012	2	2	19	0	0
1013	2	2	19	0	0
1014	2	2	19	0	0
1015	2	2	19	0	0
1016	2	2	19	0	0
1017	2	2	19	0	0
1018	2	2	19	0	0
1019	2	2	19	0	0
1020	2	2	19	0	0
1021	2	2	19	0	0
1022	2	2	19	0	0
1023	3	3	20	0	0
1024	3	3	20	0	0
1025	2	2	20	0	0
1026	2	2	20	0	0
1027	2	2	20	0	0
1028	2	2	20	0	0
1029	2	2	20	0	0
1030	3	3	20	0	0
1031	2	2	20	0	0
1032	3	3	20	0	0
1033	3	3	20	0	0
1034	3	3	20	0	0
1035	2	2	20	0	0
1036	3	3	20	0	0
1037	3	3	20	0	0
1038	2	2	20	0	0
1039	3	3	20	0	0
1040	2	2	20	0	0
1041	3	3	20	0	0
1042	3	3	20	0	0
1043	3	3	20	0	0
1044	3	3	20	0	0
1045	3	3	20	0	0
1046	3	3	20	0	0
1047	3	3	20	0	0
1048	3	3	20	0	0
1049	2	2	20	0	0
1050	3	3	20	0	0
1051	3	3	20	0	0
1052	3	3	20	0	0
1053	3	3	20	0	0
1054	3	3	20	0	0
1055	3	3	20	0	0
1056	3	3	20	0	0
1057	3	3	20	0	0
1058	3	3	20	0	0
1059	3	3	20	0	0
1060	3	3	20	0	0
1061	3	3	20	0	0
1062	3	3	20	0	0
1063	3	3	20	0	0
1064	3	3	20	0	0
1065	3	3	20	0	0
1066	3	3	20	0	0
1067	3	3	20	0	0
1068	3	3	20	0	0
1069	3	3	20	0	0
1070	3	3	20	0	0
1071	3	3	20	0	0
1072	3	3	20	0	0
1073	3	3	20	0	0
1074	4	4	21	0	0
1075	4	4	21	0	0
1076	4	4	21	0	0
1077	4	4	21	0	0
1078	4	4	21	0	0
1079	4	4	21	0	0
1080	4	4	21	0	0
1081	4	4	21	0	0
1082	4	4	21	0	0
1083	4	4	21	0	0
1084	4	4	21	0	0
1085	4	4	21	0	0
1086	4	4	21	0	0
1087	4	4	21	0	0
1088	5	5	22	0	0
1089	5	5	22	0	0
1090	5	5	22	0	0
1091	4	4	22	0	0
1092	5	5	22	0	0
1093	5	5	22	0	0
1094	5	5	22	0	0
1095	5	5	22	0	0
1096	4	4	22	0	0
1097	4	4	22	0	0
1098	4	4	22	0	0
1099	4	4	22	0	0
1100	4	4	22	0	0
1101	4	4	22	0	0
1102	4	4	22	0	0
1103	4	4	22	0	0
1104	5	5	22	0	0
1105	5	5	22	0	0
1106	5	5	22	0	0
1107	5	5	22	0	0
1108	5	5	22	0	0
1109	5	5	22	0	0
1110	5	5	22	0	0
1111	5	5	22	0	0
1112	5	5	22	0	0
1113	5	5	22	0	0
1114	5	5	22	0	0
1115	5	5	22	0	0
1116	5	5	22	0	0
1117	5	5	22	0	0
1118	5	5	22	0	0
1119	5	5	22	0	0
1120	5	5	22	0	0
1121	5	5	22	0	0
1122	5	5	22	0	0
1123	5	5	22	0	0
1124	5	5	22	0	0
1125	5	5	22	0	0
1126	5	5	22	0	0
1127	4	4	22	0	0
1128	4	4	22	0	0
1129	3	3	22	0	0
1130	3	3	22	0	0
1131	4	4	22	0	0
1132	4	4	22	0	0
1133	4	4	22	0	0
1134	4	4	22	0	0
1135	4	4	22	0	0
1136	4	4	22	0	0
1137	4	4	22	0	0
1138	4	4	22	0	0
1139	4	4	22	0	0
1140	4	4	22	0	0
1141	4	4	22	0	0
1142	4	4	22	0	0
1143	4	4	22	0	0
1144	4	4	22	0	0
1145	4	4	22	0	0
1146	4	4	22	0	0
1147	4	4	22	0	0
1148	4	4	22	0	0
1149	4	4	22	0	0
1150	4	4	22	0	0
1151	4	4	22	0	0
1152	4	4	22	0	0
1153	3	3	22	0	0
1154	3	3	22	0	0
1155	4	4	22	0	0
1156	4	4	22	0	0
1157	3	3	22	0	0
1158	3	3	22	0	0
1159	4	4	22	0	0
1160	3	3	22	0	0
1161	3	3	22	0	0
1162	3	3	22	0	0
1163	4	4	22	0	0
1164	4	4	22	0	0
1165	3	3	22	0	0
1166	4	4	22	0	0
1167	3	3	22	0	0
1168	3	3	22	0	0
1169	3	3	22	0	0
1170	3	3	22	0	0
1171	3	3	22	0	0
1172	3	3	22	0	0
1173	3	3	22	0	0
1174	2	2	22	0	0
1175	2	2	22	0	0
1176	2	2	22	0	0
1177	3	3	22	0	0
1178	3	3	22	0	0
1179	3	3	22	0	0
1180	3	3	22	0	0
1181	3	3	22	0	0
1182	3	3	22	0	0
1183	3	3	22	0	0
1184	3	3	22	0	0
1185	4	4	22	0	0
1186	3	3	22	0	0
1187	4	4	22	0	0
1188	4	4	22	0	0
1189	3	3	22	0	0
1190	4	4	22	0	0
1191	4	4	22	0	0
1192	4	4	22	0	0
1193	4	4	22	0	0
1194	4	4	22	0	0
1195	4	4	22	0	0
1196	4	4	22	0	0
1197	4	4	22	0	0
1198	4	4	22	0	0
1199	4	4	22	0	0
1200	4	4	22	0	0
1201	4	4	22	0	0
1202	4	4	22	0	0
1203	4	4	22	0	0
1204	4	4	22	0	0
1205	4	4	22	0	0
1206	4	4	22	0	0
1207	3	3	22	0	0
1208	4	4	22	0	0
1209	4	4	22	0	0
1210	4	4	22	0	0
1211	4	4	22	0	0
1212	4	4	22	0	0
1213	4	4	22	0	0
1214	4	4	22	0	0
1215	4	4	22	0	0
1216	4	4	22	0	0
1217	4	4	22	0	0
1218	4	4	22	0	0
1219	4	4	22	0	0
1220	4	4	22	0	0
1221	4	4	22	0	0
1222	4	4	22	0	0
1223	4	4	22	0	0
1224	4	4	22	0	0
1225	4	4	22	0	0
1226	4	4	22	0	0
1227	4	4	22	0	0
1228	2	2	22	0	0
1229	2	2	22	0	0
1230	2	2	22	0	0
1231	2	2	22	0	0
1232	3	3	22	0	0
1233	3	3	22	0	0
1234	3	3	22	0	0
1235	3	3	22	0	0
1236	3	3	22	0	0
1237	3	3	22	0	0
1238	3	3	22	0	0
1239	3	3	22	0	0
1240	3	3	22	0	0
1241	4	4	22	0	0
1242	4	4	22	0	0
1243	4	4	22	0	0
1244	4	4	22	0	0
1245	4	4	22	0	0
1246	4	4	22	0	0
1247	4	4	22	0	0
1248	4	4	22	0	0
1249	4	4	22	0	0
1250	4	4	22	0	0
1251	3	3	22	0	0
1252	3	3	22	0	0
1253	3	3	22	0	0
1254	3	3	22	0	0
1255	3	3	22	0	0
1256	3	3	22	0	0
1257	3	3	22	0	0
1258	3	3	22	0	0
1259	3	3	22	0	0
1260	3	3	22	0	0
1261	3	3	22	0	0
1262	3	3	22	0	0
1263	2	2	22	0	0
1264	3	3	22	0	0
1265	2	2	22	0	0
1266	3	3	22	0	0
1267	3	3	22	0	0
1268	3	3	22	0	0
1269	3	3	22	0	0
1270	3	3	22	0	0
1271	3	3	22	0	0
1272	3	3	22	0	0
1273	3	3	22	0	0
1274	3	3	22	0	0
1275	3	3	22	0	0
1276	3	3	22	0	0
1277	3	3	22	0	0
1278	3	3	22	0	0
1279	3	3	22	0	0
1280	3	3	22	0	0
1281	3	3	22	0	0
1282	3	3	22	0	0
1283	3	3	22	0	0
1284	3	3	22	0	0
1285	3	3	22	0	0
1286	3	3	22	0	0
1287	3	3	22	0	0
1288	3	3	22	0	0
1289	3	3	22	0	0
1290	3	3	22	0	0
1291	3	3	22	0	0
1292	3	3	22	0	0
1293	3	3	22	0	0
1294	3	3	22	0	0
1295	3	3	22	0	0
1296	3	3	22	0	0
1297	3	3	22	0	0
1298	3	3	22	0	0
1299	3	3	22	0	0
1300	3	3	22	0	0
1301	3	3	22	0	0
1302	3	3	22	0	0
1303	3	3	22	0	0
1304	3	3	22	0	0
1305	3	3	22	0	0
1306	3	3	22	0	0
1307	3	3	22	0	0
1308	3	3	22	0	0
1309	3	3	22	0	0
1310	3	3	22	0	0
1311	3	3	22	0	0
1312	3	3	22	0	0
1313	3	3	22	0	0
1314	3	3	22	0	0
1315	3	3	22	0	0
1316	3	3	22	0	0
1317	3	3	22	0	0
1318	3	3	22	0	0
1319	3	3	22	0	0
1320	3	3	22	0	0
1321	3	3	22	0	0
1322	3	3	22	0	0
1323	3	3	22	0	0
1324	3	3	22	0	0
1325	3	3	22	0	0
1326	3	3	22	0	0
1327	3	3	22	0	0
1328	3	3	22	0	0
1329	3	3	22	0	0
1330	3	3	22	0	0
1331	3	3	22	0	0
1332	3	3	22	0	0
1333	3	3	22	0	0
1334	3	3	22	0	0
1335	3	3	22	0	0
1336	3	3	22	0	0
1337	3	3	22	0	0
1338	3	3	22	0	0
1339	3	3	22	0	0
1340	3	3	22	0	0
1341	3	3	22	0	0
1342	3	3	22	0	0
1343	3	3	22	0	0
1344	3	3	22	0	0
1345	3	3	22	0	0
1346	3	3	22	0	0
1347	3	3	22	0	0
1348	3	3	22	0	0
1349	3	3	22	0	0
1350	3	3	22	0	0
1351	3	3	22	0	0
1352	3	3	22	0	0
1353	3	3	22	0	0
1354	3	3	22	0	0
1355	3	3	22	0	0
1356	3	3	22	0	0
1357	3	3	22	0	0
1358	3	3	22	0	0
1359	3	3	22	0	0
1360	3	3	22	0	0
1361	3	3	22	0	0
1362	3	3	22	0	0
1363	3	3	22	0	0
1364	3	3	22	0	0
1365	3	3	22	0	0
1366	3	3	22	0	0
1367	3	3	22	0	0
1368	3	3	22	0	0
1369	3	3	22	0	0
1370	3	3	22	0	0
1371	3	3	22	0	0
1372	3	3	22	0	0
1373	3	3	22	0	0
1374	3	3	22	0	0
1375	3	3	22	0	0
1376	3	3	22	0	0
1377	3	3	22	0	0
1378	3	3	22	0	0
1379	3	3	22	0	0
1380	3	3	22	0	0
1381	3	3	22	0	0
1382	3	3	22	0	0
1383	3	3	22	0	0
1384	3	3	22	0	0
1385	3	3	22	0	0
1386	3	3	22	0	0
1387	3	3	22	0	0
1388	3	3	22	0	0
1389	3	3	22	0	0
1390	3	3	22	0	0
1391	3	3	22	0	0
1392	3	3	22	0	0
1393	3	3	22	0	0
1394	3	3	22	0	0
1395	3	3	22	0	0
1396	3	3	22	0	0
1397	3	3	22	0	0
1398	3	3	22	0	0
1399	3	3	22	0	0
1400	3	3	22	0	0
1401	3	3	22	0	0
1402	3	3	22	0	0
1403	3	3	22	0	0
1404	3	3	22	0	0
1405	3	3	22	0	0
1406	3	3	22	0	0
1407	3	3	22	0	0
1408	3	3	22	0	0
1409	3	3	22	0	0
1410	3	3	22	0	0
1411	3	3	22	0	0
1412	3	3	22	0	0
1413	4	4	23	0	0
1414	3	3	23	0	0
1415	3	3	23	0	0
1416	3	3	23	0	0
1417	3	3	23	0	0
1418	3	3	23	0	0
1419	3	3	23	0	0
1420	3	3	23	0	0
1421	3	3	23	0	0
1422	3	3	23	0	0
1423	3	3	23	0	0
1424	3	3	23	0	0
1425	3	3	23	0	0
1426	3	3	23	0	0
1427	3	3	23	0	0
1428	3	3	23	0	0
1429	3	3	23	0	0
1430	3	3	23	0	0
1431	3	3	23	0	0
1432	3	3	23	0	0
1433	3	3	23	0	0
1434	2	2	23	0	0
1435	3	3	23	0	0
1436	3	3	23	0	0
1437	3	3	23	0	0
1438	3	3	23	0	0
1439	3	3	23	0	0
1440	3	3	23	0	0
1441	3	3	23	0	0
1442	3	3	23	0	0
1443	3	3	23	0	0
1444	3	3	23	0	0
1445	3	3	23	0	0
1446	3	3	23	0	0
1447	3	3	23	0	0
1448	2	2	23	0	0
1449	2	2	23	0	0
1450	2	2	23	0	0
1451	3	3	23	0	0
1452	3	3	23	0	0
1453	3	3	23	0	0
1454	3	3	23	0	0
1455	3	3	23	0	0
1456	2	2	23	0	0
1457	2	2	23	0	0
1458	2	2	23	0	0
1459	2	2	23	0	0
1460	2	2	23	0	0
1461	2	2	23	0	0
1462	2	2	23	0	0
1463	2	2	23	0	0
1464	2	2	23	0	0
1465	2	2	23	0	0
1466	2	2	23	0	0
1467	2	2	23	0	0
1468	2	2	23	0	0
1469	3	3	23	0	0
1470	3	3	23	0	0
1471	3	3	23	0	0
1472	3	3	23	0	0
1473	3	3	23	0	0
1474	3	3	23	0	0
1475	3	3	23	0	0
1476	3	3	23	0	0
1477	3	3	23	0	0
1478	3	3	23	0	0
1479	3	3	23	0	0
1480	3	3	23	0	0
1481	3	3	23	0	0
1482	3	3	23	0	0
1483	3	3	23	0	0
1484	3	3	23	0	0
1485	3	3	23	0	0
1486	3	3	23	0	0
1487	2	2	23	0	0
1488	2	2	23	0	0
1489	2	2	23	0	0
1490	2	2	23	0	0
1491	2	2	23	0	0
1492	2	2	23	0	0
1493	2	2	23	0	0
1494	2	2	23	0	0
1495	2	2	23	0	0
1496	2	2	23	0	0
1497	2	2	23	0	0
1498	2	2	23	0	0
1499	2	2	23	0	0
1500	2	2	23	0	0
1501	2	2	23	0	0
1502	2	2	23	0	0
1503	2	2	23	0	0
1504	2	2	23	0	0
1505	2	2	23	0	0
1506	2	2	23	0	0
1507	2	2	23	0	0
1508	2	2	23	0	0
1509	2	2	23	0	0
1510	2	2	23	0	0
1511	2	2	23	0	0
1512	2	2	23	0	0
1513	2	2	23	0	0
1514	3	3	24	0	0
1515	3	3	24	0	0
1516	3	3	24	0	0
1517	3	3	24	0	0
1518	3	3	24	0	0
1519	3	3	24	0	0
1520	3	3	24	0	0
1521	2	2	24	0	0
1522	3	3	24	0	0
1523	3	3	24	0	0
1524	2	2	24	0	0
1525	2	2	24	0	0
1526	2	2	24	0	0
1527	2	2	24	0	0
1528	2	2	24	0	0
1529	2	2	24	0	0
1530	1	1	24	0	0
1531	1	1	24	0	0
1532	1	1	24	0	0
1533	2	2	24	0	0
1534	2	2	24	0	0
1535	1	1	24	0	0
1536	1	1	24	0	0
1537	1	1	24	0	0
1538	1	1	24	0	0
1539	1	1	24	0	0
1540	1	1	24	0	0
1541	1	1	24	0	0
1542	1	1	24	0	0
1543	1	1	24	0	0
1544	1	1	24	0	0
1545	1	1	24	0	0
1546	1	1	24	0	0
1547	1	1	24	0	0
1548	1	1	24	0	0
1549	1	1	24	0	0
1550	1	1	24	0	0
1551	2	2	24	0	0
1552	1	1	24	0	0
1553	1	1	24	0	0
1554	1	1	24	0	0
1555	2	2	24	0	0
1556	2	2	24	0	0
1557	2	2	24	0	0
1558	2	2	24	0	0
1559	2	2	24	0	0
1560	2	2	24	0	0
1561	2	2	24	0	0
1562	1	1	24	0	0
1563	1	1	24	0	0
1564	2	2	25	0	0
1565	1	1	25	0	0
1566	1	1	25	0	0
1567	1	1	25	0	0
1568	1	1	25	0	0
1569	1	1	25	0	0
1570	1	1	25	0	0
1571	1	1	25	0	0
1572	1	1	25	0	0
1573	2	2	26	0	0
1574	2	2	26	0	0
1575	2	2	26	0	0
1576	2	2	26	0	0
1577	2	2	26	0	0
1578	2	2	26	0	0
1579	2	2	26	0	0
1580	2	2	26	0	0
1581	3	3	26	0	0
1582	3	3	26	0	0
1583	3	3	26	0	0
1584	3	3	26	0	0
1585	3	3	26	0	0
1586	3	3	26	0	0
1587	3	3	26	0	0
1588	3	3	26	0	0
1589	3	3	26	0	0
1590	4	4	26	0	0
1591	4	4	26	0	0
1592	4	4	26	0	0
1593	4	4	26	0	0
1594	4	4	26	0	0
1595	4	4	26	0	0
1596	4	4	26	0	0
1597	4	4	26	0	0
1598	4	4	26	0	0
1599	4	4	26	0	0
1600	4	4	26	0	0
1601	4	4	26	0	0
1602	4	4	26	0	0
1603	4	4	26	0	0
1604	4	4	26	0	0
1605	4	4	26	0	0
1606	3	3	26	0	0
1607	3	3	26	0	0
1608	3	3	26	0	0
1609	4	4	27	0	0
1610	4	4	27	0	0
1611	4	4	27	0	0
1612	3	3	27	0	0
1613	3	3	27	0	0
1614	3	3	27	0	0
1615	3	3	27	0	0
1616	3	3	27	0	0
1617	3	3	27	0	0
1618	4	4	28	0	0
1619	4	4	28	0	0
1620	4	4	28	0	0
1621	4	4	28	0	0
1622	4	4	28	0	0
1623	4	4	28	0	0
1624	4	4	28	0	0
1625	4	4	28	0	0
1626	4	4	28	0	0
1627	3	3	28	0	0
1628	4	4	28	0	0
1629	3	3	28	0	0
1630	3	3	28	0	0
1631	4	4	28	0	0
1632	3	3	28	0	0
1633	3	3	28	0	0
1634	3	3	28	0	0
1635	3	3	28	0	0
1636	3	3	28	0	0
1637	3	3	28	0	0
1638	3	3	28	0	0
1639	3	3	28	0	0
1640	3	3	28	0	0
1641	3	3	28	0	0
1642	3	3	28	0	0
1643	3	3	28	0	0
1644	3	3	28	0	0
1645	3	3	28	0	0
1646	3	3	28	0	0
1647	3	3	28	0	0
1648	3	3	28	0	0
1649	3	3	28	0	0
1650	3	3	28	0	0
1651	3	3	28	0	0
1652	3	3	28	0	0
1653	3	3	28	0	0
1654	3	3	28	0	0
1655	3	3	28	0	0
1656	3	3	28	0	0
1657	3	3	28	0	0
1658	3	3	28	0	0
1659	3	3	28	0	0
1660	4	4	28	0	0
1661	4	4	28	0	0
1662	4	4	28	0	0
1663	4	4	28	0	0
1664	4	4	28	0	0
1665	4	4	28	0	0
1666	3	3	28	0	0
1667	4	4	28	0	0
1668	4	4	28	0	0
1669	3	3	28	0	0
1670	3	3	28	0	0
1671	4	4	28	0	0
1672	4	4	28	0	0
1673	4	4	28	0	0
1674	4	4	28	0	0
1675	4	4	28	0	0
1676	4	4	28	0	0
1677	3	3	28	0	0
1678	4	4	28	0	0
1679	4	4	28	0	0
1680	3	3	28	0	0
1681	4	4	28	0	0
1682	4	4	28	0	0
1683	4	4	28	0	0
1684	4	4	28	0	0
1685	4	4	28	0	0
1686	4	4	28	0	0
1687	4	4	28	0	0
1688	4	4	28	0	0
1689	4	4	28	0	0
1690	4	4	28	0	0
1691	4	4	28	0	0
1692	4	4	28	0	0
1693	4	4	28	0	0
1694	4	4	28	0	0
1695	5	5	29	0	0
1696	5	5	29	0	0
1697	5	5	29	0	0
1698	5	5	29	0	0
1699	5	5	29	0	0
1700	5	5	29	0	0
1701	4	4	29	0	0
1702	3	3	29	0	0
1703	4	4	29	0	0
1704	4	4	29	0	0
1705	4	4	29	0	0
1706	4	4	29	0	0
1707	4	4	29	0	0
1708	4	4	29	0	0
1709	4	4	29	0	0
1710	4	4	29	0	0
1711	4	4	29	0	0
1712	4	4	29	0	0
1713	4	4	29	0	0
1714	4	4	29	0	0
1715	4	4	29	0	0
1716	4	4	29	0	0
1717	4	4	29	0	0
1718	4	4	29	0	0
1719	4	4	29	0	0
1720	4	4	29	0	0
1721	3	3	29	0	0
1722	3	3	29	0	0
1723	4	4	29	0	0
1724	4	4	29	0	0
1725	4	4	29	0	0
1726	4	4	29	0	0
1727	4	4	29	0	0
1728	4	4	29	0	0
1729	4	4	29	0	0
1730	4	4	29	0	0
1731	4	4	29	0	0
1732	5	5	30	0	0
1733	4	4	30	0	0
1734	4	4	30	0	0
1735	4	4	30	0	0
1736	4	4	30	0	0
1737	4	4	30	0	0
1738	4	4	30	0	0
1739	4	4	30	0	0
1740	4	4	30	0	0
1741	4	4	30	0	0
1742	4	4	30	0	0
1743	4	4	30	0	0
1744	4	4	30	0	0
1745	4	4	30	0	0
1746	4	4	30	0	0
1747	4	4	30	0	0
1748	4	4	30	0	0
1749	4	4	30	0	0
1750	4	4	30	0	0
1751	3	3	30	0	0
1752	3	3	30	0	0
1753	3	3	30	0	0
1754	2	2	30	0	0
1755	2	2	30	0	0
1756	2	2	30	0	0
1757	2	2	30	0	0
1758	2	2	30	0	0
1759	2	2	30	0	0
1760	3	3	30	0	0
1761	2	2	30	0	0
1762	3	3	30	0	0
1763	2	2	30	0	0
1764	2	2	30	0	0
1765	2	2	30	0	0
1766	2	2	30	0	0
1767	2	2	30	0	0
1768	2	2	30	0	0
1769	2	2	30	0	0
1770	2	2	30	0	0
1771	2	2	30	0	0
1772	2	2	30	0	0
1773	2	2	30	0	0
1774	2	2	30	0	0
1775	2	2	30	0	0
1776	2	2	30	0	0
1777	2	2	30	0	0
1778	2	2	30	0	0
1779	2	2	30	0	0
1780	2	2	30	0	0
1781	2	2	30	0	0
1782	2	2	30	0	0
1783	2	2	30	0	0
1784	2	2	30	0	0
1785	2	2	30	0	0
1786	2	2	30	0	0
1787	2	2	30	0	0
1788	2	2	30	0	0
1789	2	2	30	0	0
1790	2	2	30	0	0
1791	2	2	30	0	0
1792	2	2	30	0	0
1793	3	3	31	0	0
1794	2	2	31	0	0
1795	2	2	31	0	0
1796	2	2	31	0	0
1797	2	2	31	0	0
1798	2	2	31	0	0
1799	2	2	31	0	0
1800	2	2	31	0	0
1801	2	2	31	0	0
1802	2	2	31	0	0
1803	3	3	31	0	0
1804	3	3	31	0	0
1805	3	3	31	0	0
1806	3	3	31	0	0
1807	3	3	31	0	0
1808	3	3	31	0	0
1809	3	3	31	0	0
1810	3	3	31	0	0
1811	3	3	31	0	0
1812	3	3	31	0	0
1813	3	3	31	0	0
1814	3	3	31	0	0
1815	3	3	31	0	0
1816	3	3	31	0	0
1817	3	3	31	0	0
1818	3	3	31	0	0
1819	3	3	31	0	0
1820	3	3	31	0	0
1821	3	3	31	0	0
1822	3	3	31	0	0
1823	3	3	31	0	0
1824	3	3	31	0	0
1825	2	2	31	0	0
1826	2	2	31	0	0
1827	2	2	31	0	0
1828	2	2	31	0	0
1829	2	2	31	0	0
1830	2	2	31	0	0
1831	2	2	31	0	0
1832	2	2	31	0	0
1833	2	2	31	0	0
1834	2	2	31	0	0
1835	2	2	31	0	0
1836	2	2	31	0	0
1837	2	2	31	0	0
1838	2	2	31	0	0
1839	2	2	31	0	0
1840	2	2	31	0	0
1841	2	2	31	0	0
1842	2	2	31	0	0
1843	2	2	31	0	0
1844	2	2	31	0	0
1845	2	2	31	0	0
1846	2	2	31	0	0
1847	2	2	31	0	0
1848	2	2	31	0	0
1849	2	2	31	0	0
1850	2	2	31	0	0
1851	2	2	31	0	0
1852	2	2	31	0	0
1853	2	2	31	0	0
1854	2	2	31	0	0
1855	2	2	31	0	0
1856	2	2	31	0	0
1857	2	2	31	0	0
1858	2	2	31	0	0
1859	2	2	31	0	0
1860	2	2	31	0	0
1861	2	2	31	0	0
1862	2	2	31	0	0
1863	2	2	31	0	0
1864	2	2	31	0	0
1865	2	2	31	0	0
1866	2	2	31	0	0
1867	2	2	31	0	0
1868	2	2	31	0	0
1869	1	1	31	0	0
1870	1	1	31	0	0
1871	1	1	31	0	0
1872	1	1	31	0	0
1873	1	1	31	0	0
1874	1	1	31	0	0
1875	1	1	31	0	0
1876	2	2	31	0	0
1877	2	2	31	0	0
1878	2	2	31	0	0
1879	2	2	31	0	0
1880	2	2	31	0	0
1881	1	1	31	0	0
1882	1	1	31	0	0
1883	1	1	31	0	0
1884	1	1	31	0	0
1885	1	1	31	0	0
1886	1	1	31	0	0
1887	1	1	31	0	0
1888	1	1	31	0	0
1889	1	1	31	0	0
1890	1	1	31	0	0
1891	1	1	31	0	0
1892	1	1	31	0	0
1893	1	1	31	0	0
1894	1	1	31	0	0
1895	1	1	31	0	0
1896	1	1	31	0	0
1897	2	2	31	0	0
1898	2	2	31	0	0
1899	2	2	31	0	0
1900	2	2	31	0	0
1901	2	2	31	0	0
1902	2	2	31	0	0
1903	2	2	31	0	0
1904	2	2	31	0	0
1905	2	2	31	0	0
1906	2	2	31	0	0
1907	2	2	31	0	0
1908	2	2	31	0	0
1909	2	2	31	0	0
1910	3	3	32	0	0
1911	3	3	32	0	0
1912	3	3	32	0	0
1913	3	3	32	0	0
1914	2	2	32	0	0
1915	3	3	32	0	0
1916	3	3	32	0	0
1917	3	3	32	0	0
1918	3	3	32	0	0
1919	3	3	32	0	0
1920	3	3	32	0	0
1921	3	3	32	0	0
1922	3	3	32	0	0
1923	3	3	32	0	0
1924	3	3	32	0	0
1925	3	3	32	0	0
1926	3	3	32	0	0
1927	3	3	32	0	0
1928	3	3	32	0	0
1929	3	3	32	0	0
1930	3	3	32	0	0
1931	3	3	32	0	0
1932	3	3	32	0	0
1933	3	3	32	0	0
1934	3	3	32	0	0
1935	3	3	32	0	0
1936	3	3	32	0	0
1937	3	3	32	0	0
1938	3	3	32	0	0
1939	3	3	32	0	0
1940	3	3	32	0	0
1941	2	2	32	0	0
1942	3	3	32	0	0
1943	2	2	32	0	0
1944	2	2	32	0	0
1945	2	2	32	0	0
1946	2	2	32	0	0
1947	2	2	32	0	0
1948	2	2	32	0	0
1949	2	2	32	0	0
1950	2	2	32	0	0
1951	2	2	32	0	0
1952	2	2	32	0	0
1953	2	2	32	0	0
1954	2	2	32	0	0
1955	2	2	32	0	0
1956	2	2	32	0	0
1957	2	2	32	0	0
1958	2	2	32	0	0
1959	2	2	32	0	0
1960	2	2	32	0	0
1961	2	2	32	0	0
1962	2	2	32	0	0
1963	2	2	32	0	0
1964	2	2	32	0	0
1965	2	2	32	0	0
1966	2	2	32	0	0
1967	2	2	32	0	0
1968	2	2	32	0	0
1969	2	2	32	0	0
1970	2	2	32	0	0
1971	2	2	32	0	0
1972	2	2	32	0	0
1973	2	2	32	0	0
1974	2	2	32	0	0
1975	2	2	32	0	0
1976	2	2	32	0	0
1977	2	2	32	0	0
1978	2	2	32	0	0
1979	2	2	32	0	0
1980	2	2	32	0	0
1981	2	2	32	0	0
1982	2	2	32	0	0
1983	2	2	32	0	0
1984	2	2	32	0	0
1985	2	2	32	0	0
1986	2	2	32	0	0
1987	2	2	32	0	0
1988	2	2	32	0	0
1989	2	2	32	0	0
1990	2	2	32	0	0
1991	2	2	32	0	0
1992	2	2	32	0	0
1993	2	2	32	0	0
1994	2	2	32	0	0
1995	2	2	32	0	0
1996	2	2	32	0	0
1997	2	2	32	0	0
1998	2	2	32	0	0
1999	2	2	32	0	0
2000	2	2	32	0	0
2001	2	2	32	0	0
2002	2	2	32	0	0
2003	2	2	32	0	0
2004	2	2	32	0	0
2005	2	2	32	0	0
2006	2	2	32	0	0
2007	2	2	32	0	0
2008	2	2	32	0	0
2009	2	2	32	0	0
2010	2	2	32	0	0
2011	2	2	32	0	0
2012	2	2	32	0	0
2013	2	2	32	0	0
2014	3	3	33	0	0
2015	3	3	33	0	0
2016	3	3	33	0	0
2017	3	3	33	0	0
2018	2	2	33	0	0
2019	1	1	33	0	0
2020	2	2	33	0	0
2021	2	2	33	0	0
2022	3	3	33	0	0
2023	3	3	33	0	0
2024	3	3	33	0	0
2025	3	3	33	0	0
2026	3	3	33	0	0
2027	3	3	33	0	0
2028	3	3	33	0	0
2029	2	2	33	0	0
2030	1	1	33	0	0
2031	2	2	33	0	0
2032	2	2	33	0	0
2033	3	3	33	0	0
2034	3	3	33	0	0
2035	3	3	33	0	0
2036	3	3	33	0	0
2037	3	3	33	0	0
2038	3	3	33	0	0
2039	3	3	33	0	0
2040	3	3	33	0	0
2041	3	3	33	0	0
2042	3	3	33	0	0
2043	3	3	33	0	0
2044	3	3	33	0	0
2045	3	3	33	0	0
2046	3	3	33	0	0
2047	2	2	33	0	0
2048	3	3	33	0	0
2049	3	3	33	0	0
2050	3	3	33	0	0
2051	3	3	33	0	0
2052	3	3	33	0	0
2053	3	3	33	0	0
2054	3	3	33	0	0
2055	3	3	33	0	0
2056	3	3	33	0	0
2057	3	3	33	0	0
2058	3	3	33	0	0
2059	3	3	33	0	0
2060	3	3	33	0	0
2061	3	3	33	0	0
2062	3	3	33	0	0
2063	3	3	33	0	0
2064	3	3	33	0	0
2065	3	3	33	0	0
2066	3	3	33	0	0
2067	3	3	33	0	0
2068	3	3	33	0	0
2069	3	3	33	0	0
2070	3	3	33	0	0
2071	3	3	33	0	0
2072	3	3	33	0	0
2073	3	3	33	0	0
2074	3	3	33	0	0
2075	3	3	33	0	0
2076	3	3	33	0	0
2077	3	3	33	0	0
2078	3	3	33	0	0
2079	3	3	33	0	0
2080	3	3	33	0	0
2081	3	3	33	0	0
2082	3	3	33	0	0
2083	3	3	33	0	0
2084	3	3	33	0	0
2085	3	3	33	0	0
2086	3	3	33	0	0
2087	3	3	33	0	0
2088	3	3	33	0	0
2089	3	3	33	0	0
2090	3	3	33	0	0
2091	3	3	33	0	0
2092	3	3	33	0	0
2093	3	3	33	0	0
2094	3	3	33	0	0
2095	3	3	33	0	0
2096	3	3	33	0	0
2097	3	3	33	0	0
2098	3	3	33	0	0
2099	3	3	33	0	0
2100	3	3	33	0	0
2101	3	3	33	0	0
2102	3	3	33	0	0
2103	3	3	33	0	0
2104	3	3	33	0	0
2105	3	3	33	0	0
2106	3	3	33	0	0
2107	3	3	33	0	0
2108	3	3	33	0	0
2109	3	3	33	0	0
2110	3	3	33	0	0
2111	3	3	33	0	0
2112	3	3	33	0	0
2113	3	3	33	0	0
2114	3	3	33	0	0
2115	3	3	33	0	0
2116	2	2	33	0	0
2117	2	2	33	0	0
2118	2	2	33	0	0
2119	2	2	33	0	0
2120	2	2	33	0	0
2121	2	2	33	0	0
2122	2	2	33	0	0
2123	2	2	33	0	0
2124	2	2	33	0	0
2125	2	2	33	0	0
2126	2	2	33	0	0
2127	2	2	33	0	0
2128	2	2	33	0	0
2129	2	2	33	0	0
2130	2	2	33	0	0
2131	2	2	33	0	0
2132	2	2	33	0	0
2133	2	2	33	0	0
2134	2	2	33	0	0
2135	3	3	33	0	0
2136	3	3	33	0	0
2137	3	3	33	0	0
2138	3	3	33	0	0
2139	3	3	33	0	0
2140	3	3	33	0	0
2141	3	3	33	0	0
2142	3	3	33	0	0
2143	3	3	33	0	0
2144	3	3	33	0	0
2145	3	3	33	0	0
2146	2	2	33	0	0
2147	2	2	33	0	0
2148	2	2	33	0	0
2149	2	2	33	0	0
2150	3	3	33	0	0
2151	3	3	33	0	0
2152	3	3	33	0	0
2153	3	3	33	0	0
2154	2	2	33	0	0
2155	2	2	33	0	0
2156	2	2	33	0	0
2157	2	2	33	0	0
2158	2	2	33	0	0
2159	2	2	33	0	0
2160	2	2	33	0	0
2161	3	3	33	0	0
2162	3	3	33	0	0
2163	3	3	33	0	0
2164	3	3	33	0	0
2165	3	3	33	0	0
2166	3	3	33	0	0
2167	3	3	33	0	0
2168	3	3	33	0	0
2169	3	3	33	0	0
2170	3	3	33	0	0
2171	3	3	33	0	0
2172	3	3	33	0	0
2173	3	3	33	0	0
2174	3	3	33	0	0
2175	3	3	33	0	0
2176	3	3	33	0	0
2177	3	3	33	0	0
2178	3	3	33	0	0
2179	3	3	33	0	0
2180	3	3	33	0	0
2181	3	3	33	0	0
2182	3	3	33	0	0
2183	3	3	33	0	0
2184	3	3	33	0	0
2185	3	3	33	0	0
2186	3	3	33	0	0
2187	3	3	33	0	0
2188	3	3	33	0	0
2189	3	3	33	0	0
2190	3	3	33	0	0
2191	3	3	33	0	0
2192	3	3	33	0	0
2193	3	3	33	0	0
2194	3	3	33	0	0
2195	3	3	33	0	0
2196	3	3	33	0	0
2197	3	3	33	0	0
2198	3	3	33	0	0
2199	3	3	33	0	0
2200	3	3	33	0	0
2201	3	3	33	0	0
2202	3	3	33	0	0
2203	3	3	33	0	0
2204	3	3	33	0	0
2205	3	3	33	0	0
2206	3	3	33	0	0
2207	3	3	33	0	0
2208	3	3	33	0	0
2209	3	3	33	0	0
2210	3	3	33	0	0
2211	3	3	33	0	0
2212	3	3	33	0	0
2213	3	3	33	0	0
2214	4	4	34	0	0
2215	4	4	34	0	0
2216	4	4	34	0	0
2217	4	4	34	0	0
2218	3	3	34	0	0
2219	3	3	34	0	0
2220	4	4	34	0	0
2221	4	4	34	0	0
2222	4	4	34	0	0
2223	4	4	34	0	0
2224	3	3	34	0	0
2225	4	4	34	0	0
2226	4	4	34	0	0
2227	4	4	34	0	0
2228	4	4	34	0	0
2229	4	4	34	0	0
2230	4	4	34	0	0
2231	4	4	34	0	0
2232	4	4	34	0	0
2233	4	4	34	0	0
2234	4	4	34	0	0
2235	4	4	34	0	0
2236	4	4	34	0	0
2237	3	3	34	0	0
2238	3	3	34	0	0
2239	3	3	34	0	0
2240	3	3	34	0	0
2241	3	3	34	0	0
2242	4	4	34	0	0
2243	4	4	34	0	0
2244	4	4	34	0	0
2245	3	3	34	0	0
2246	3	3	34	0	0
2247	3	3	34	0	0
2248	3	3	34	0	0
2249	3	3	34	0	0
2250	3	3	34	0	0
2251	3	3	34	0	0
2252	3	3	34	0	0
2253	3	3	34	0	0
2254	3	3	34	0	0
2255	3	3	34	0	0
2256	3	3	34	0	0
2257	3	3	34	0	0
2258	3	3	34	0	0
2259	3	3	34	0	0
2260	3	3	34	0	0
2261	3	3	34	0	0
2262	3	3	34	0	0
2263	3	3	34	0	0
2264	3	3	34	0	0
2265	3	3	34	0	0
2266	3	3	34	0	0
2267	3	3	34	0	0
2268	3	3	34	0	0
2269	3	3	34	0	0
2270	3	3	34	0	0
2271	3	3	34	0	0
2272	3	3	34	0	0
2273	3	3	34	0	0
2274	3	3	34	0	0
2275	3	3	34	0	0
2276	3	3	34	0	0
2277	3	3	34	0	0
2278	3	3	34	0	0
2279	3	3	34	0	0
2280	3	3	34	0	0
2281	3	3	34	0	0
2282	3	3	34	0	0
2283	3	3	34	0	0
2284	3	3	34	0	0
2285	3	3	34	0	0
2286	3	3	34	0	0
2287	3	3	34	0	0
2288	3	3	34	0	0
2289	4	4	35	0	0
2290	4	4	35	0	0
2291	4	4	35	0	0
2292	3	3	35	0	0
2293	3	3	35	0	0
2294	3	3	35	0	0
2295	3	3	35	0	0
2296	4	4	35	0	0
2297	4	4	35	0	0
2298	4	4	35	0	0
2299	4	4	35	0	0
2300	4	4	35	0	0
2301	4	4	35	0	0
2302	3	3	35	0	0
2303	3	3	35	0	0
2304	4	4	35	0	0
2305	4	4	35	0	0
2306	4	4	35	0	0
2307	3	3	35	0	0
2308	4	4	35	0	0
2309	3	3	35	0	0
2310	3	3	35	0	0
2311	3	3	35	0	0
2312	3	3	35	0	0
2313	3	3	35	0	0
2314	3	3	35	0	0
2315	3	3	35	0	0
2316	3	3	35	0	0
2317	3	3	35	0	0
2318	3	3	35	0	0
2319	3	3	35	0	0
2320	3	3	35	0	0
2321	3	3	35	0	0
2322	3	3	35	0	0
2323	3	3	35	0	0
2324	3	3	35	0	0
2325	3	3	35	0	0
2326	3	3	35	0	0
2327	3	3	35	0	0
2328	3	3	35	0	0
2329	3	3	35	0	0
2330	3	3	35	0	0
2331	3	3	35	0	0
2332	3	3	35	0	0
2333	3	3	35	0	0
2334	3	3	35	0	0
2335	3	3	35	0	0
2336	3	3	35	0	0
2337	3	3	35	0	0
2338	3	3	35	0	0
2339	3	3	35	0	0
2340	3	3	35	0	0
2341	3	3	35	0	0
2342	3	3	35	0	0
2343	3	3	35	0	0
2344	3	3	35	0	0
2345	3	3	35	0	0
2346	3	3	35	0	0
2347	3	3	35	0	0
2348	3	3	35	0	0
2349	3	3	35	0	0
2350	3	3	35	0	0
2351	3	3	35	0	0
2352	3	3	35	0	0
2353	3	3	35	0	0
2354	3	3	35	0	0
2355	3	3	35	0	0
2356	3	3	35	0	0
2357	3	3	35	0	0
2358	3	3	35	0	0
2359	3	3	35	0	0
2360	3	3	35	0	0
2361	3	3	35	0	0
2362	3	3	35	0	0
2363	3	3	35	0	0
2364	3	3	35	0	0
2365	3	3	35	0	0
2366	3	3	35	0	0
2367	3	3	35	0	0
2368	3	3	35	0	0
2369	3	3	35	0	0
2370	3	3	35	0	0
2371	3	3	35	0	0
2372	3	3	35	0	0
2373	3	3	35	0	0
2374	3	3	35	0	0
2375	3	3	35	0	0
2376	3	3	35	0	0
2377	3	3	35	0	0
2378	3	3	35	0	0
2379	3	3	35	0	0
2380	3	3	35	0	0
2381	3	3	35	0	0
2382	3	3	35	0	0
2383	3	3	35	0	0
2384	3	3	35	0	0
2385	3	3	35	0	0
2386	3	3	35	0	0
2387	3	3	35	0	0
2388	3	3	35	0	0
2389	3	3	35	0	0
2390	3	3	35	0	0
2391	3	3	35	0	0
2392	3	3	35	0	0
2393	3	3	35	0	0
2394	3	3	35	0	0
2395	3	3	35	0	0
2396	3	3	35	0	0
2397	3	3	35	0	0
2398	3	3	35	0	0
2399	3	3	35	0	0
2400	3	3	35	0	0
2401	3	3	35	0	0
2402	3	3	35	0	0
2403	3	3	35	0	0
2404	3	3	35	0	0
2405	3	3	35	0	0
2406	3	3	35	0	0
2407	3	3	35	0	0
2408	3	3	35	0	0
2409	3	3	35	0	0
2410	3	3	35	0	0
2411	3	3	35	0	0
2412	3	3	35	0	0
2413	3	3	35	0	0
2414	3	3	35	0	0
2415	3	3	35	0	0
2416	3	3	35	0	0
2417	3	3	35	0	0
2418	3	3	35	0	0
2419	3	3	35	0	0
2420	3	3	35	0	0
2421	3	3	35	0	0
2422	3	3	35	0	0
2423	3	3	35	0	0
2424	3	3	35	0	0
2425	3	3	35	0	0
2426	3	3	35	0	0
2427	3	3	35	0	0
2428	3	3	35	0	0
2429	4	4	36	0	0
2430	3	3	36	0	0
2431	3	3	36	0	0
2432	3	3	36	0	0
2433	3	3	36	0	0
2434	4	4	36	0	0
2435	3	3	36	0	0
2436	4	4	36	0	0
2437	4	4	36	0	0
2438	4	4	36	0	0
2439	4	4	36	0	0
2440	4	4	36	0	0
2441	4	4	36	0	0
2442	4	4	36	0	0
2443	4	4	36	0	0
2444	3	3	36	0	0
2445	3	3	36	0	0
2446	4	4	36	0	0
2447	4	4	36	0	0
2448	3	3	36	0	0
2449	3	3	36	0	0
2450	4	4	36	0	0
2451	4	4	36	0	0
2452	4	4	36	0	0
2453	4	4	36	0	0
2454	3	3	36	0	0
2455	3	3	36	0	0
2456	3	3	36	0	0
2457	3	3	36	0	0
2458	3	3	36	0	0
2459	3	3	36	0	0
2460	3	3	36	0	0
2461	3	3	36	0	0
2462	3	3	36	0	0
2463	3	3	36	0	0
2464	3	3	36	0	0
2465	3	3	36	0	0
2466	3	3	36	0	0
2467	3	3	36	0	0
2468	3	3	36	0	0
2469	3	3	36	0	0
2470	3	3	36	0	0
2471	3	3	36	0	0
2472	3	3	36	0	0
2473	3	3	36	0	0
2474	3	3	36	0	0
2475	3	3	36	0	0
2476	3	3	36	0	0
2477	3	3	36	0	0
2478	3	3	36	0	0
2479	3	3	36	0	0
2480	3	3	36	0	0
2481	3	3	36	0	0
2482	3	3	36	0	0
2483	3	3	36	0	0
2484	3	3	36	0	0
2485	3	3	36	0	0
2486	3	3	36	0	0
2487	3	3	36	0	0
2488	3	3	36	0	0
2489	3	3	36	0	0
2490	3	3	36	0	0
2491	3	3	36	0	0
2492	3	3	36	0	0
2493	3	3	36	0	0
2494	3	3	36	0	0
2495	3	3	36	0	0
2496	3	3	36	0	0
2497	3	3	36	0	0
2498	3	3	36	0	0
2499	3	3	36	0	0
2500	3	3	36	0	0
2501	2	2	36	0	0
2502	2	2	36	0	0
2503	2	2	36	0	0
2504	2	2	36	0	0
2505	2	2	36	0	0
2506	2	2	36	0	0
2507	2	2	36	0	0
2508	2	2	36	0	0
2509	2	2	36	0	0
2510	2	2	36	0	0
2511	2	2	36	0	0
2512	2	2	36	0	0
2513	2	2	36	0	0
2514	2	2	36	0	0
2515	2	2	36	0	0
2516	2	2	36	0	0
2517	2	2	36	0	0
2518	2	2	36	0	0
2519	2	2	36	0	0
2520	2	2	36	0	0
2521	2	2	36	0	0
2522	2	2	36	0	0
2523	2	2	36	0	0
2524	2	2	36	0	0
2525	2	2	36	0	0
2526	2	2	36	0	0
2527	2	2	36	0	0
2528	2	2	36	0	0
2529	2	2	36	0	0
2530	2	2	36	0	0
2531	2	2	36	0	0
2532	2	2	36	0	0
2533	2	2	36	0	0
2534	2	2	36	0	0
2535	2	2	36	0	0
2536	2	2	36	0	0
2537	2	2	36	0	0
2538	2	2	36	0	0
2539	2	2	36	0	0
2540	2	2	36	0	0
2541	2	2	36	0	0
2542	2	2	36	0	0
2543	2	2	36	0	0
2544	2	2	36	0	0
2545	2	2	36	0	0
2546	2	2	36	0	0
2547	2	2	36	0	0
2548	2	2	36	0	0
2549	2	2	36	0	0
2550	2	2	36	0	0
2551	2	2	36	0	0
2552	2	2	36	0	0
2553	2	2	36	0	0
2554	2	2	36	0	0
2555	2	2	36	0	0
2556	2	2	36	0	0
2557	2	2	36	0	0
2558	2	2	36	0	0
2559	2	2	36	0	0
2560	2	2	36	0	0
2561	2	2	36	0	0
2562	2	2	36	0	0
2563	2	2	36	0	0
2564	2	2	36	0	0
2565	2	2	36	0	0
2566	2	2	36	0	0
2567	2	2	36	0	0
2568	2	2	36	0	0
2569	2	2	36	0	0
2570	2	2	36	0	0
2571	2	2	36	0	0
2572	2	2	36	0	0
2573	2	2	36	0	0
2574	2	2	36	0	0
2575	2	2	36	0	0
2576	2	2	36	0	0
2577	2	2	36	0	0
2578	2	2	36	0	0
2579	2	2	36	0	0
2580	2	2	36	0	0
2581	2	2	36	0	0
2582	2	2	36	0	0
2583	2	2	36	0	0
2584	2	2	36	0	0
2585	2	2	36	0	0
2586	2	2	36	0	0
2587	2	2	36	0	0
2588	2	2	36	0	0
2589	2	2	36	0	0
2590	3	3	37	0	0
2591	3	3	37	0	0
2592	3	3	37	0	0
2593	2	2	37	0	0
2594	2	2	37	0	0
2595	2	2	37	0	0
2596	2	2	37	0	0
2597	2	2	37	0	0
2598	2	2	37	0	0
2599	2	2	37	0	0
2600	2	2	37	0	0
2601	2	2	37	0	0
2602	2	2	37	0	0
2603	2	2	37	0	0
2604	2	2	37	0	0
2605	2	2	37	0	0
2606	2	2	37	0	0
2607	2	2	37	0	0
2608	2	2	37	0	0
2609	2	2	37	0	0
2610	2	2	37	0	0
2611	2	2	37	0	0
2612	2	2	37	0	0
2613	2	2	37	0	0
2614	2	2	37	0	0
2615	2	2	37	0	0
2616	2	2	37	0	0
2617	2	2	37	0	0
2618	2	2	37	0	0
2619	2	2	37	0	0
2620	2	2	37	0	0
2621	2	2	37	0	0
2622	2	2	37	0	0
2623	2	2	37	0	0
2624	2	2	37	0	0
2625	2	2	37	0	0
2626	2	2	37	0	0
2627	2	2	37	0	0
2628	2	2	37	0	0
2629	2	2	37	0	0
2630	2	2	37	0	0
2631	2	2	37	0	0
2632	2	2	37	0	0
2633	2	2	37	0	0
2634	2	2	37	0	0
2635	2	2	37	0	0
2636	3	3	38	0	0
2637	3	3	38	0	0
2638	3	3	38	0	0
2639	3	3	38	0	0
2640	3	3	38	0	0
2641	3	3	38	0	0
2642	3	3	38	0	0
2643	2	2	38	0	0
2644	2	2	38	0	0
2645	2	2	38	0	0
2646	2	2	38	0	0
2647	2	2	38	0	0
2648	2	2	38	0	0
2649	2	2	38	0	0
2650	2	2	38	0	0
2651	2	2	38	0	0
2652	2	2	38	0	0
2653	2	2	38	0	0
2654	2	2	38	0	0
2655	2	2	38	0	0
2656	2	2	38	0	0
2657	2	2	38	0	0
2658	2	2	38	0	0
2659	2	2	38	0	0
2660	3	3	38	0	0
2661	2	2	38	0	0
2662	2	2	38	0	0
2663	3	3	38	0	0
2664	3	3	38	0	0
2665	3	3	38	0	0
2666	3	3	38	0	0
2667	3	3	38	0	0
2668	3	3	38	0	0
2669	3	3	38	0	0
2670	3	3	38	0	0
2671	3	3	38	0	0
2672	3	3	38	0	0
2673	3	3	38	0	0
2674	3	3	38	0	0
2675	3	3	38	0	0
2676	3	3	38	0	0
2677	3	3	38	0	0
2678	3	3	38	0	0
2679	3	3	38	0	0
2680	3	3	38	0	0
2681	3	3	38	0	0
2682	3	3	38	0	0
2683	3	3	38	0	0
2684	3	3	38	0	0
2685	3	3	38	0	0
2686	3	3	38	0	0
2687	3	3	38	0	0
2688	3	3	38	0	0
2689	3	3	38	0	0
2690	3	3	38	0	0
2691	3	3	38	0	0
2692	3	3	38	0	0
2693	3	3	38	0	0
2694	3	3	38	0	0
2695	3	3	38	0	0
2696	3	3	38	0	0
2697	3	3	38	0	0
2698	3	3	38	0	0
2699	3	3	38	0	0
2700	3	3	38	0	0
2701	3	3	38	0	0
2702	3	3	38	0	0
2703	3	3	38	0	0
2704	3	3	38	0	0
2705	3	3	38	0	0
2706	3	3	38	0	0
2707	3	3	38	0	0
2708	3	3	38	0	0
2709	3	3	38	0	0
2710	3	3	38	0	0
2711	3	3	38	0	0
2712	3	3	38	0	0
2713	3	3	38	0	0
2714	3	3	38	0	0
2715	3	3	38	0	0
2716	3	3	38	0	0
2717	3	3	38	0	0
2718	3	3	38	0	0
2719	3	3	38	0	0
2720	3	3	38	0	0
2721	3	3	38	0	0
2722	3	3	38	0	0
2723	3	3	38	0	0
2724	3	3	38	0	0
2725	3	3	38	0	0
2726	3	3	38	0	0
2727	3	3	38	0	0
2728	3	3	38	0	0
2729	3	3	38	0	0
2730	3	3	38	0	0
2731	3	3	38	0	0
2732	3	3	38	0	0
2733	3	3	38	0	0
2734	3	3	38	0	0
2735	3	3	38	0	0
2736	3	3	38	0	0
2737	3	3	38	0	0
2738	3	3	38	0	0
2739	3	3	38	0	0
2740	3	3	38	0	0
2741	3	3	38	0	0
2742	3	3	38	0	0
2743	3	3	38	0	0
2744	3	3	38	0	0
2745	3	3	38	0	0
2746	3	3	38	0	0
2747	3	3	38	0	0
2748	3	3	38	0	0
2749	3	3	38	0	0
2750	3	3	38	0	0
2751	3	3	38	0	0
2752	3	3	38	0	0
2753	3	3	38	0	0
2754	3	3	38	0	0
2755	3	3	38	0	0
2756	3	3	38	0	0
2757	3	3	38	0	0
2758	3	3	38	0	0
2759	3	3	38	0	0
2760	3	3	38	0	0
2761	3	3	38	0	0
2762	3	3	38	0	0
2763	3	3	38	0	0
2764	3	3	38	0	0
2765	3	3	38	0	0
2766	3	3	38	0	0
2767	3	3	38	0	0
2768	3	3	38	0	0
2769	3	3	38	0	0
2770	3	3	38	0	0
2771	3	3	38	0	0
2772	3	3	38	0	0
2773	3	3	38	0	0
2774	3	3	38	0	0
2775	3	3	38	0	0
2776	3	3	38	0	0
2777	3	3	38	0	0
2778	3	3	38	0	0
2779	3	3	38	0	0
2780	3	3	38	0	0
2781	3	3	38	0	0
2782	3	3	38	0	0
2783	3	3	38	0	0
2784	3	3	38	0	0
2785	3	3	38	0	0
2786	3	3	38	0	0
2787	3	3	38	0	0
2788	3	3	38	0	0
2789	3	3	38	0	0
2790	3	3	38	0	0
2791	3	3	38	0	0
2792	3	3	38	0	0
2793	3	3	38	0	0
2794	3	3	38	0	0
2795	3	3	38	0	0
2796	3	3	38	0	0
2797	3	3	38	0	0
2798	3	3	38	0	0
2799	3	3	38	0	0
2800	3	3	38	0	0
2801	3	3	38	0	0
2802	3	3	38	0	0
2803	3	3	38	0	0
2804	3	3	38	0	0
2805	3	3	38	0	0
2806	3	3	38	0	0
2807	3	3	38	0	0
2808	3	3	38	0	0
2809	3	3	38	0	0
2810	3	3	38	0	0
2811	3	3	38	0	0
2812	3	3	38	0	0
2813	3	3	38	0	0
2814	3	3	38	0	0
2815	3	3	38	0	0
2816	3	3	38	0	0
2817	3	3	38	0	0
2818	3	3	38	0	0
2819	3	3	38	0	0
2820	3	3	38	0	0
2821	3	3	38	0	0
2822	3	3	38	0	0
2823	3	3	38	0	0
2824	3	3	38	0	0
2825	3	3	38	0	0
2826	3	3	38	0	0
2827	3	3	38	0	0
2828	3	3	38	0	0
2829	3	3	38	0	0
2830	3	3	38	0	0
2831	4	4	39	0	0
2832	3	3	39	0	0
2833	3	3	39	0	0
2834	3	3	39	0	0
2835	3	3	39	0	0
2836	3	3	39	0	0
2837	3	3	39	0	0
2838	3	3	39	0	0
2839	3	3	39	0	0
2840	3	3	39	0	0
2841	3	3	39	0	0
2842	3	3	39	0	0
2843	3	3	39	0	0
2844	3	3	39	0	0
2845	3	3	39	0	0
2846	3	3	39	0	0
2847	3	3	39	0	0
2848	3	3	39	0	0
2849	3	3	39	0	0
2850	4	4	40	0	0
2851	2	2	40	0	0
2852	4	4	40	0	0
2853	4	4	40	0	0
2854	4	4	40	0	0
2855	4	4	40	0	0
2856	4	4	40	0	0
2857	4	4	40	0	0
2858	4	4	40	0	0
2859	4	4	40	0	0
2860	4	4	40	0	0
2861	4	4	40	0	0
2862	4	4	40	0	0
2863	4	4	40	0	0
2864	4	4	40	0	0
2865	3	3	40	0	0
2866	3	3	40	0	0
2867	4	4	40	0	0
2868	3	3	40	0	0
2869	3	3	40	0	0
2870	3	3	40	0	0
2871	3	3	40	0	0
2872	3	3	40	0	0
2873	3	3	40	0	0
2874	3	3	40	0	0
2875	3	3	40	0	0
2876	3	3	40	0	0
2877	3	3	40	0	0
2878	3	3	40	0	0
2879	3	3	40	0	0
2880	3	3	40	0	0
2881	3	3	40	0	0
2882	3	3	40	0	0
2883	3	3	40	0	0
2884	3	3	40	0	0
2885	3	3	40	0	0
2886	3	3	40	0	0
2887	2	2	40	0	0
2888	2	2	41	0	0
2889	3	3	41	0	0
2890	3	3	41	0	0
2891	3	3	41	0	0
2892	4	4	41	0	0
2893	3	3	41	0	0
2894	2	2	41	0	0
2895	3	3	41	0	0
2896	4	4	41	0	0
2897	3	3	41	0	0
2898	4	4	41	0	0
2899	3	3	41	0	0
2900	4	4	41	0	0
2901	4	4	41	0	0
2902	3	3	41	0	0
2903	4	4	41	0	0
2904	4	4	41	0	0
2905	4	4	41	0	0
2906	4	4	41	0	0
2907	5	5	41	0	0
2908	5	5	41	0	0
2909	5	5	41	0	0
2910	5	5	41	0	0
2911	5	5	41	0	0
2912	5	5	41	0	0
2913	5	5	41	0	0
2914	5	5	41	0	0
2915	5	5	41	0	0
2916	5	5	41	0	0
2917	5	5	41	0	0
2918	5	5	41	0	0
2919	5	5	41	0	0
2920	5	5	41	0	0
2921	5	5	41	0	0
2922	5	5	41	0	0
2923	5	5	41	0	0
2924	5	5	41	0	0
2925	5	5	41	0	0
2926	5	5	41	0	0
2927	5	5	41	0	0
2928	5	5	41	0	0
2929	5	5	41	0	0
2930	5	5	41	0	0
2931	5	5	41	0	0
2932	5	5	41	0	0
2933	5	5	41	0	0
2934	5	5	41	0	0
2935	5	5	41	0	0
2936	5	5	41	0	0
2937	5	5	41	0	0
2938	5	5	41	0	0
2939	5	5	41	0	0
2940	5	5	41	0	0
2941	5	5	41	0	0
2942	5	5	41	0	0
2943	5	5	41	0	0
2944	5	5	41	0	0
2945	5	5	41	0	0
2946	5	5	41	0	0
2947	5	5	41	0	0
2948	5	5	41	0	0
2949	4	4	41	0	0
2950	4	4	41	0	0
2951	4	4	41	0	0
2952	4	4	41	0	0
2953	4	4	41	0	0
2954	4	4	41	0	0
2955	4	4	41	0	0
2956	4	4	41	0	0
2957	4	4	41	0	0
2958	4	4	41	0	0
2959	4	4	41	0	0
2960	4	4	41	0	0
2961	4	4	41	0	0
2962	4	4	41	0	0
2963	4	4	41	0	0
2964	4	4	41	0	0
2965	4	4	41	0	0
2966	4	4	41	0	0
2967	4	4	41	0	0
2968	4	4	41	0	0
2969	4	4	41	0	0
2970	4	4	41	0	0
2971	4	4	41	0	0
2972	4	4	41	0	0
2973	4	4	41	0	0
2974	4	4	41	0	0
2975	4	4	41	0	0
2976	4	4	41	0	0
2977	4	4	41	0	0
2978	4	4	41	0	0
2979	4	4	41	0	0
2980	4	4	41	0	0
2981	4	4	41	0	0
2982	4	4	41	0	0
2983	4	4	41	0	0
2984	4	4	41	0	0
2985	4	4	41	0	0
2986	4	4	41	0	0
2987	4	4	41	0	0
2988	4	4	41	0	0
2989	4	4	41	0	0
2990	4	4	41	0	0
2991	4	4	41	0	0
2992	4	4	41	0	0
2993	4	4	41	0	0
2994	4	4	41	0	0
2995	4	4	41	0	0
2996	4	4	41	0	0
2997	4	4	41	0	0
2998	4	4	41	0	0
2999	4	4	41	0	0
3000	4	4	41	0	0
3001	3	3	41	0	0
3002	3	3	41	0	0
3003	3	3	41	0	0
3004	3	3	41	0	0
3005	3	3	41	0	0
3006	3	3	41	0	0
3007	2	2	41	0	0
3008	3	3	41	0	0
3009	3	3	41	0	0
3010	2	2	41	0	0
3011	2	2	41	0	0
3012	2	2	41	0	0
3013	2	2	41	0	0
3014	2	2	41	0	0
3015	2	2	41	0	0
3016	2	2	41	0	0
3017	2	2	41	0	0
3018	1	1	41	0	0
3019	1	1	41	0	0
3020	2	2	41	0	0
3021	2	2	41	0	0
3022	2	2	41	0	0
3023	2	2	41	0	0
3024	2	2	41	0	0
3025	2	2	41	0	0
3026	2	2	41	0	0
3027	2	2	41	0	0
3028	2	2	41	0	0
3029	2	2	41	0	0
3030	2	2	41	0	0
3031	2	2	41	0	0
3032	2	2	41	0	0
3033	2	2	41	0	0
3034	2	2	41	0	0
3035	2	2	41	0	0
3036	2	2	41	0	0
3037	2	2	41	0	0
3038	3	3	41	0	0
3039	3	3	41	0	0
3040	2	2	41	0	0
3041	2	2	41	0	0
3042	3	3	41	0	0
3043	3	3	41	0	0
3044	3	3	41	0	0
3045	3	3	41	0	0
3046	3	3	41	0	0
3047	3	3	41	0	0
3048	3	3	41	0	0
3049	3	3	41	0	0
3050	3	3	41	0	0
3051	3	3	41	0	0
3052	3	3	41	0	0
3053	3	3	41	0	0
3054	3	3	41	0	0
3055	3	3	41	0	0
3056	3	3	41	0	0
3057	3	3	41	0	0
3058	3	3	41	0	0
3059	3	3	41	0	0
3060	3	3	41	0	0
3061	3	3	41	0	0
3062	3	3	41	0	0
3063	3	3	41	0	0
3064	3	3	41	0	0
3065	3	3	41	0	0
3066	3	3	41	0	0
3067	3	3	41	0	0
3068	3	3	41	0	0
3069	3	3	41	0	0
3070	3	3	41	0	0
3071	3	3	41	0	0
3072	3	3	41	0	0
3073	3	3	41	0	0
3074	3	3	41	0	0
3075	3	3	41	0	0
3076	3	3	41	0	0
3077	3	3	41	0	0
3078	3	3	41	0	0
3079	3	3	41	0	0
3080	3	3	41	0	0
3081	3	3	41	0	0
3082	3	3	41	0	0
3083	3	3	41	0	0
3084	2	2	41	0	0
3085	2	2	41	0	0
3086	2	2	41	0	0
3087	3	3	41	0	0
3088	3	3	41	0	0
3089	3	3	41	0	0
3090	3	3	41	0	0
3091	3	3	41	0	0
3092	3	3	41	0	0
3093	3	3	41	0	0
3094	3	3	41	0	0
3095	3	3	41	0	0
3096	3	3	41	0	0
3097	3	3	41	0	0
3098	2	2	41	0	0
3099	3	3	41	0	0
3100	3	3	41	0	0
3101	3	3	41	0	0
3102	3	3	41	0	0
3103	3	3	41	0	0
3104	3	3	41	0	0
3105	3	3	41	0	0
3106	3	3	41	0	0
3107	3	3	41	0	0
3108	3	3	41	0	0
3109	3	3	41	0	0
3110	3	3	41	0	0
3111	2	2	41	0	0
3112	3	3	41	0	0
3113	3	3	41	0	0
3114	3	3	41	0	0
3115	2	2	41	0	0
3116	2	2	41	0	0
3117	2	2	41	0	0
3118	2	2	41	0	0
3119	2	2	41	0	0
3120	2	2	41	0	0
3121	2	2	41	0	0
3122	4	4	42	0	0
3123	3	3	42	0	0
3124	3	3	42	0	0
3125	2	2	42	0	0
3126	2	2	42	0	0
3127	3	3	42	0	0
3128	4	4	42	0	0
3129	3	3	42	0	0
3130	3	3	42	0	0
3131	3	3	42	0	0
3132	3	3	42	0	0
3133	3	3	42	0	0
3134	3	3	42	0	0
3135	4	4	42	0	0
3136	3	3	42	0	0
3137	3	3	42	0	0
3138	3	3	42	0	0
3139	3	3	42	0	0
3140	3	3	42	0	0
3141	3	3	42	0	0
3142	3	3	42	0	0
3143	3	3	42	0	0
3144	3	3	42	0	0
3145	3	3	42	0	0
3146	3	3	42	0	0
