Frame	Objetos_Detectados	IDs_Confirmados	IDs_Unicos	En_Zonas	Cruzaron_Lineas
1	2	0	0	0	0
2	2	0	0	0	0
3	2	0	0	0	0
4	2	0	0	0	0
5	2	0	0	0	0
6	2	0	0	0	0
7	2	0	0	0	0
8	2	0	0	0	0
9	2	0	0	0	0
10	2	0	0	0	0
11	2	0	0	0	0
12	2	0	0	0	0
13	2	0	0	0	0
14	1	0	0	0	0
15	1	0	0	0	0
16	3	0	0	0	0
17	3	0	0	0	0
18	3	0	0	0	0
19	3	0	0	0	0
20	3	0	0	0	0
21	3	0	0	0	0
22	3	0	0	0	0
23	3	0	0	0	0
24	3	0	0	0	0
25	3	0	0	0	0
26	3	0	0	0	0
27	3	0	0	0	0
28	3	0	0	0	0
29	3	0	0	0	0
30	3	0	0	0	0
31	3	0	0	0	0
32	3	0	0	0	0
33	2	0	0	0	0
34	2	0	0	0	0
35	2	0	0	0	0
36	2	0	0	0	0
37	2	0	0	0	0
38	2	0	0	0	0
39	2	0	0	0	0
40	2	0	0	0	0
41	2	0	0	0	0
42	2	0	0	0	0
43	2	0	0	0	0
44	2	0	0	0	0
45	2	0	0	0	0
46	2	0	0	0	0
47	2	0	0	0	0
48	2	0	0	0	0
49	2	0	0	0	0
50	2	0	0	0	0
51	2	0	0	0	0
52	2	0	0	0	0
53	2	0	0	0	0
54	2	0	0	0	0
55	2	0	0	0	0
56	2	0	0	0	0
57	2	0	0	0	0
58	2	0	0	0	0
59	2	0	0	0	0
60	2	0	0	0	0
61	2	0	0	0	0
62	2	0	0	0	0
63	2	0	0	0	0
64	2	0	0	0	0
65	2	0	0	0	0
66	3	1	1	0	0
67	3	0	1	0	0
68	3	0	1	0	0
69	3	0	1	0	0
70	4	1	1	0	0
71	3	0	1	0	0
72	3	0	1	0	0
73	3	0	1	0	0
74	3	0	1	0	0
75	3	0	1	0	0
76	3	1	2	0	0
77	4	1	2	0	0
78	4	1	2	0	0
79	4	1	2	0	0
80	3	1	2	0	0
81	3	1	2	0	0
82	3	1	2	0	0
83	4	1	2	0	0
84	3	1	2	0	0
85	3	0	2	0	0
86	2	0	2	0	0
87	4	1	2	0	0
88	4	1	2	0	0
89	4	1	2	0	0
90	4	1	2	0	0
91	5	2	2	0	0
92	5	2	2	0	0
93	5	2	2	0	0
94	5	2	2	0	0
95	5	2	2	0	0
96	5	2	2	0	0
97	5	2	2	0	0
98	5	2	2	0	0
99	5	2	2	0	0
100	5	2	2	0	0
101	5	2	2	0	0
102	5	2	2	0	0
103	5	2	2	0	0
104	5	2	2	0	0
105	5	2	2	0	0
106	5	2	2	0	0
107	5	2	2	0	0
108	5	2	2	0	0
109	5	2	2	0	0
110	5	2	2	0	0
111	5	2	2	0	0
112	5	2	2	0	0
113	5	2	2	0	0
114	5	2	2	0	0
115	5	2	2	0	0
116	5	2	2	0	0
117	5	2	2	0	0
118	4	1	2	0	0
119	4	1	2	0	0
120	4	1	2	0	0
121	3	1	2	0	0
122	4	2	2	0	0
123	4	2	2	0	0
124	4	2	2	0	0
125	4	1	2	0	0
126	5	2	2	0	0
127	4	2	2	0	0
128	4	2	2	0	0
129	4	2	2	0	0
130	4	2	2	0	0
131	4	2	2	0	0
132	4	2	2	0	0
133	3	2	2	0	0
134	3	2	2	0	0
135	3	2	2	0	0
136	2	1	2	0	0
137	2	1	2	0	0
138	3	1	2	0	0
139	3	1	2	0	0
140	2	1	2	0	0
141	2	1	2	0	0
142	2	1	2	0	0
143	2	1	2	0	0
144	2	1	2	0	0
145	3	1	2	0	0
146	3	0	2	0	0
147	4	1	2	0	0
148	3	0	2	0	0
149	3	1	2	0	0
150	4	1	2	0	0
151	4	1	2	0	0
152	2	1	2	0	0
153	3	1	2	0	0
154	2	1	2	0	0
155	3	1	2	0	0
156	3	1	2	0	0
157	3	1	2	0	0
158	3	1	2	0	0
159	3	1	2	0	0
160	3	1	2	0	0
161	3	1	2	0	0
162	3	1	2	0	0
163	3	1	2	0	0
164	4	2	3	0	0
165	3	1	3	0	0
166	3	1	3	0	0
167	4	2	3	0	0
168	3	1	3	0	0
169	3	1	3	0	0
170	3	1	3	0	0
171	4	2	3	0	0
172	3	1	3	0	0
173	3	1	3	0	0
174	3	1	3	0	0
175	4	2	3	0	0
176	3	1	3	0	0
177	4	2	3	0	0
178	4	2	3	0	0
179	4	2	3	0	0
180	4	2	3	0	0
181	4	2	3	0	0
182	4	2	3	0	0
183	3	1	3	0	0
184	3	1	3	0	0
185	4	1	3	0	0
186	4	1	3	0	0
187	4	1	3	0	0
188	5	2	3	0	0
189	4	1	3	0	0
190	4	1	3	0	0
191	5	2	3	0	0
192	5	2	3	0	0
193	4	1	3	0	0
194	5	2	3	0	0
195	3	1	3	0	0
196	4	1	3	0	0
197	4	1	3	0	0
198	3	1	3	0	0
199	4	1	3	0	0
200	3	0	3	0	0
201	3	0	3	0	0
202	4	1	3	0	0
203	4	1	3	0	0
204	3	0	3	0	0
205	4	1	3	0	0
206	4	1	3	0	0
207	4	1	3	0	0
208	4	1	3	0	0
209	4	1	3	0	0
210	4	1	3	0	0
211	3	1	3	0	0
212	3	1	3	0	0
213	3	1	3	0	0
214	3	1	3	0	0
215	3	1	3	0	0
216	3	1	3	0	0
217	3	1	3	0	0
218	3	1	3	0	0
219	3	1	3	0	0
220	3	1	3	0	0
221	3	1	3	0	0
222	3	1	3	0	0
223	3	1	3	0	0
224	3	1	3	0	0
225	3	1	3	0	0
226	3	1	3	0	0
227	3	1	3	0	0
228	3	1	3	0	0
229	3	1	3	0	0
230	3	1	3	0	0
231	3	1	3	0	0
232	3	1	3	0	0
233	3	1	3	0	0
234	3	1	3	0	0
235	3	1	3	0	0
236	3	1	3	0	0
237	3	1	3	0	0
238	3	1	3	0	0
239	2	0	3	0	0
240	2	0	3	0	0
241	3	1	3	0	0
242	2	0	3	0	0
243	3	1	3	0	0
244	3	1	3	0	0
245	3	1	3	0	0
246	2	0	3	0	0
247	3	1	3	0	0
248	3	1	3	0	0
249	2	0	3	0	0
250	2	0	3	0	0
251	3	1	3	0	0
252	4	1	3	0	0
253	4	1	3	0	0
254	4	1	3	0	0
255	4	1	3	0	0
256	4	1	3	0	0
257	4	1	3	0	0
258	4	1	3	0	0
259	5	2	4	0	0
260	5	2	4	0	0
261	4	1	4	0	0
262	4	1	4	0	0
263	4	1	4	0	0
264	4	1	4	0	0
265	4	1	4	0	0
266	4	1	4	0	0
267	4	1	4	0	0
268	4	1	4	0	0
269	4	1	4	0	0
270	4	1	4	0	0
271	4	1	4	0	0
272	4	1	4	0	0
273	4	1	4	0	0
274	4	1	4	0	0
275	4	1	4	0	0
276	4	1	4	0	0
277	4	1	4	0	0
278	4	1	4	0	0
279	4	1	4	0	0
280	4	1	4	0	0
281	4	1	4	0	0
282	4	1	4	0	0
283	4	1	4	0	0
284	4	1	4	0	0
285	4	1	4	0	0
286	4	1	4	0	0
287	4	1	4	0	0
288	4	1	4	0	0
289	4	1	4	0	0
290	4	1	4	0	0
291	4	1	4	0	0
292	4	1	4	0	0
293	4	1	4	0	0
294	4	1	4	0	0
295	4	1	4	0	0
296	4	1	4	0	0
297	4	1	4	0	0
298	4	1	4	0	0
299	4	1	4	0	0
300	4	1	4	0	0
301	4	1	4	0	0
302	3	1	4	0	0
303	3	1	4	0	0
304	3	1	4	0	0
305	3	1	4	0	0
306	4	1	4	0	0
307	4	1	4	0	0
308	3	1	4	0	0
309	3	1	4	0	0
310	3	1	4	0	0
311	4	1	4	0	0
312	4	1	4	0	0
313	4	1	4	0	0
314	4	1	4	0	0
315	4	1	4	0	0
316	4	1	4	0	0
317	3	0	4	0	0
318	3	0	4	0	0
319	3	0	4	0	0
320	3	0	4	0	0
321	3	0	4	0	0
322	3	0	4	0	0
323	3	0	4	0	0
324	3	0	4	0	0
325	3	0	4	0	0
326	3	0	4	0	0
327	4	1	4	0	0
328	4	1	4	0	0
329	4	1	4	0	0
330	4	1	4	0	0
331	4	1	4	0	0
332	4	1	4	0	0
333	4	1	4	0	0
334	4	1	4	0	0
335	4	1	4	0	0
336	4	1	4	0	0
337	4	1	4	0	0
338	4	1	4	0	0
339	4	1	4	0	0
340	4	1	4	0	0
341	4	1	4	0	0
342	4	1	4	0	0
343	4	1	4	0	0
344	4	1	4	0	0
345	4	1	4	0	0
346	4	1	4	0	0
347	4	1	4	0	0
348	4	1	4	0	0
349	4	1	4	0	0
350	4	1	4	0	0
351	4	1	4	0	0
352	5	2	5	0	0
353	5	2	5	0	0
354	5	2	5	0	0
355	5	2	5	0	0
356	5	2	5	0	0
357	5	2	5	0	0
358	5	2	5	0	0
359	5	2	5	0	0
360	4	1	5	0	0
361	4	1	5	0	0
362	5	2	5	0	0
363	5	2	5	0	0
364	5	2	5	0	0
365	5	2	5	0	0
366	5	2	5	0	0
367	4	2	5	0	0
368	4	2	5	0	0
369	4	2	5	0	0
370	4	2	5	0	0
371	4	2	5	0	0
372	4	2	5	0	0
373	4	2	5	0	0
374	4	2	5	0	0
375	4	2	5	0	0
376	4	2	5	0	0
377	4	2	5	0	0
378	4	2	5	0	0
379	4	2	5	0	0
380	4	2	5	0	0
381	4	2	5	0	0
382	4	2	5	0	0
383	4	2	5	0	0
384	3	2	5	0	0
385	3	2	5	0	0
386	5	2	5	0	0
387	3	2	5	0	0
388	3	2	5	0	0
389	3	2	5	0	0
390	3	2	5	0	0
391	3	2	5	0	0
392	5	2	5	0	0
393	4	2	5	0	0
394	5	2	5	0	0
395	5	2	5	0	0
396	5	2	5	0	0
397	5	2	5	0	0
398	5	2	5	0	0
399	5	2	5	0	0
400	4	2	5	0	0
401	4	2	5	0	0
402	4	2	5	0	0
403	4	2	5	0	0
404	4	2	5	0	0
405	5	2	5	0	0
406	5	2	5	0	0
407	5	2	5	0	0
408	5	2	5	0	0
409	5	2	5	0	0
410	5	2	5	0	0
411	5	2	5	0	0
412	5	2	5	0	0
413	5	2	5	0	0
414	5	2	5	0	0
415	5	2	5	0	0
416	5	2	5	0	0
417	5	2	5	0	0
418	5	2	5	0	0
419	5	2	5	0	0
420	5	2	5	0	0
421	5	2	5	0	0
422	5	2	5	0	0
423	5	2	5	0	0
424	5	2	5	0	0
425	5	2	5	0	0
426	5	2	5	0	0
427	5	2	5	0	0
428	5	2	5	0	0
429	5	2	5	0	0
430	5	2	5	0	0
431	5	2	5	0	0
432	5	2	5	0	0
433	5	2	5	0	0
434	5	2	5	0	0
435	5	2	5	0	0
436	5	2	5	0	0
437	5	2	5	0	0
438	5	2	5	0	0
439	6	2	5	0	0
440	5	2	5	0	0
441	4	1	5	0	0
442	5	2	5	0	0
443	4	1	5	0	0
444	4	1	5	0	0
445	5	2	5	0	0
446	5	2	5	0	0
447	5	2	5	0	0
448	4	1	5	0	0
449	4	1	5	0	0
450	4	1	5	0	0
451	4	1	5	0	0
452	5	2	5	0	0
453	5	2	5	0	0
454	5	2	5	0	0
455	4	1	5	0	0
456	4	1	5	0	0
457	4	1	5	0	0
458	4	1	5	0	0
459	4	1	5	0	0
460	4	1	5	0	0
461	4	1	5	0	0
462	4	1	5	0	0
463	4	1	5	0	0
464	4	1	5	0	0
465	4	1	5	0	0
466	4	1	5	0	0
467	4	1	5	0	0
468	4	1	5	0	0
469	4	1	5	0	0
470	4	1	5	0	0
471	4	1	5	0	0
472	4	1	5	0	0
473	4	1	5	0	0
474	4	1	5	0	0
475	4	1	5	0	0
476	4	1	5	0	0
477	4	1	5	0	0
478	4	1	5	0	0
479	4	1	5	0	0
480	4	1	5	0	0
481	4	1	5	0	0
482	4	1	5	0	0
483	4	1	5	0	0
484	4	1	5	0	0
485	4	1	5	0	0
486	4	1	5	0	0
487	4	1	5	0	0
488	4	1	5	0	0
489	5	2	6	0	0
490	5	2	6	0	0
491	5	2	6	0	0
492	5	2	6	0	0
493	5	2	6	0	0
494	4	1	6	0	0
495	4	1	6	0	0
496	4	1	6	0	0
497	4	1	6	0	0
498	4	1	6	0	0
499	4	1	6	0	0
500	4	1	6	0	0
501	3	1	6	0	0
502	3	1	6	0	0
503	3	1	6	0	0
504	3	1	6	0	0
505	3	1	6	0	0
506	3	1	6	0	0
507	3	1	6	0	0
508	3	1	6	0	0
509	3	1	6	0	0
510	3	1	6	0	0
511	2	0	6	0	0
512	2	0	6	0	0
513	2	0	6	0	0
514	2	0	6	0	0
515	2	0	6	0	0
516	2	0	6	0	0
517	2	0	6	0	0
518	2	0	6	0	0
519	2	0	6	0	0
520	2	0	6	0	0
521	2	0	6	0	0
522	2	0	6	0	0
523	2	0	6	0	0
524	2	0	6	0	0
525	2	0	6	0	0
526	2	0	6	0	0
527	2	0	6	0	0
528	2	0	6	0	0
529	2	0	6	0	0
530	2	0	6	0	0
531	2	0	6	0	0
532	2	0	6	0	0
533	2	0	6	0	0
534	2	0	6	0	0
535	2	0	6	0	0
536	2	0	6	0	0
537	3	1	6	0	0
538	3	1	6	0	0
539	3	1	6	0	0
540	3	1	6	0	0
541	3	1	6	0	0
542	3	1	6	0	0
543	3	1	6	0	0
544	3	1	6	0	0
545	3	1	6	0	0
546	3	1	6	0	0
547	3	1	6	0	0
548	3	1	6	0	0
549	3	1	6	0	0
550	3	1	6	0	0
551	3	1	6	0	0
552	3	1	6	0	0
553	3	1	6	0	0
554	3	1	6	0	0
555	3	1	6	0	0
556	3	1	6	0	0
557	3	1	6	0	0
558	3	1	6	0	0
559	3	1	6	0	0
560	3	1	6	0	0
561	3	1	6	0	0
562	3	1	6	0	0
563	3	1	6	0	0
564	3	1	6	0	0
565	3	1	6	0	0
566	3	1	6	0	0
567	3	1	6	0	0
568	3	1	6	0	0
569	3	1	6	0	0
570	3	1	6	0	0
571	3	1	6	0	0
572	3	1	6	0	0
573	3	1	6	0	0
574	3	1	6	0	0
575	3	1	6	0	0
576	3	1	6	0	0
577	2	0	6	0	0
578	2	0	6	0	0
579	2	0	6	0	0
580	2	0	6	0	0
581	2	0	6	0	0
582	2	0	6	0	0
583	2	0	6	0	0
584	2	0	6	0	0
585	2	0	6	0	0
586	2	0	6	0	0
587	2	0	6	0	0
588	3	1	6	0	0
589	3	1	6	0	0
590	3	1	6	0	0
591	3	1	6	0	0
592	3	1	6	0	0
593	3	1	6	0	0
594	3	1	6	0	0
595	3	1	6	0	0
596	3	1	6	0	0
597	3	1	6	0	0
598	3	1	6	0	0
599	3	1	6	0	0
600	3	1	6	0	0
601	3	1	6	0	0
602	3	1	6	0	0
603	3	1	6	0	0
604	3	1	6	0	0
605	3	1	6	0	0
606	3	1	6	0	0
607	3	1	6	0	0
608	3	1	6	0	0
609	3	1	6	0	0
610	3	1	6	0	0
611	3	1	6	0	0
612	3	1	6	0	0
613	3	1	6	0	0
614	3	1	6	0	0
615	3	1	6	0	0
616	3	1	6	0	0
617	3	1	6	0	0
618	3	1	6	0	0
619	3	1	6	0	0
620	3	1	6	0	0
621	3	1	6	0	0
622	3	1	6	0	0
623	3	1	6	0	0
624	3	1	6	0	0
625	3	1	6	0	0
626	3	1	6	0	0
627	3	1	6	0	0
628	3	1	6	0	0
629	3	1	6	0	0
630	3	1	6	0	0
631	3	1	6	0	0
632	3	1	6	0	0
633	3	1	6	0	0
634	3	1	6	0	0
635	3	1	6	0	0
636	3	1	6	0	0
637	3	1	6	0	0
638	3	1	6	0	0
639	3	1	6	0	0
640	3	1	6	0	0
641	3	1	6	0	0
642	3	1	6	0	0
643	3	1	6	0	0
644	3	1	6	0	0
645	3	1	6	0	0
646	3	1	6	0	0
647	3	1	6	0	0
648	3	1	6	0	0
649	3	1	6	0	0
650	3	1	6	0	0
651	3	1	6	0	0
652	3	1	6	0	0
653	3	1	6	0	0
654	3	1	6	0	0
655	3	1	6	0	0
656	3	1	6	0	0
657	3	1	6	0	0
658	3	1	6	0	0
659	3	1	6	0	0
660	2	1	6	0	0
661	3	1	6	0	0
662	3	1	6	0	0
663	3	1	6	0	0
664	3	1	6	0	0
665	3	1	6	0	0
666	3	1	6	0	0
667	3	1	6	0	0
668	3	1	6	0	0
669	3	1	6	0	0
670	3	1	6	0	0
671	3	1	6	0	0
672	3	1	6	0	0
673	3	1	6	0	0
674	3	1	6	0	0
675	3	1	6	0	0
676	3	1	6	0	0
677	3	1	6	0	0
678	3	1	6	0	0
679	2	1	6	0	0
680	3	1	6	0	0
681	3	1	6	0	0
682	2	1	6	0	0
683	2	1	6	0	0
684	2	1	6	0	0
685	2	1	6	0	0
686	2	1	6	0	0
687	2	1	6	0	0
688	2	1	6	0	0
689	2	1	6	0	0
690	2	1	6	0	0
691	2	1	6	0	0
692	2	1	6	0	0
693	2	1	6	0	0
694	2	1	6	0	0
695	2	1	6	0	0
696	1	0	6	0	0
697	1	0	6	0	0
698	2	0	6	0	0
699	2	0	6	0	0
700	2	0	6	0	0
701	2	0	6	0	0
702	2	0	6	0	0
703	2	0	6	0	0
704	1	0	6	0	0
705	2	0	6	0	0
706	2	0	6	0	0
707	2	0	6	0	0
708	2	0	6	0	0
709	2	0	6	0	0
710	2	0	6	0	0
711	2	0	6	0	0
712	2	0	6	0	0
713	2	0	6	0	0
714	2	0	6	0	0
715	2	0	6	0	0
716	2	0	6	0	0
717	2	0	6	0	0
718	2	0	6	0	0
719	2	0	6	0	0
720	2	0	6	0	0
721	2	0	6	0	0
722	2	0	6	0	0
723	2	0	6	0	0
724	2	0	6	0	0
725	2	0	6	0	0
726	2	0	6	0	0
727	3	1	6	0	0
728	2	0	6	0	0
729	2	0	6	0	0
730	2	0	6	0	0
731	3	1	7	0	0
732	3	1	7	0	0
733	3	1	7	0	0
734	3	1	7	0	0
735	3	1	7	0	0
736	3	1	7	0	0
737	3	1	7	0	0
738	3	1	7	0	0
739	3	1	7	0	0
740	3	1	7	0	0
741	2	1	7	0	0
742	2	1	7	0	0
743	2	1	7	0	0
744	2	1	7	0	0
745	2	1	7	0	0
746	2	1	7	0	0
747	2	1	7	0	0
748	2	1	7	0	0
749	2	1	7	0	0
750	2	1	7	0	0
751	2	0	7	0	0
752	2	0	7	0	0
753	2	0	7	0	0
754	2	0	7	0	0
755	2	0	7	0	0
756	2	0	7	0	0
757	2	0	7	0	0
758	2	0	7	0	0
759	2	0	7	0	0
760	2	0	7	0	0
761	2	0	7	0	0
762	2	0	7	0	0
763	2	0	7	0	0
764	2	0	7	0	0
765	2	0	7	0	0
766	2	0	7	0	0
767	2	0	7	0	0
768	2	0	7	0	0
769	2	0	7	0	0
770	2	0	7	0	0
771	2	0	7	0	0
772	2	0	7	0	0
773	2	0	7	0	0
774	2	0	7	0	0
775	2	0	7	0	0
776	2	0	7	0	0
777	2	0	7	0	0
778	2	0	7	0	0
779	2	0	7	0	0
780	2	0	7	0	0
781	2	0	7	0	0
782	2	0	7	0	0
783	2	0	7	0	0
784	2	0	7	0	0
785	2	0	7	0	0
786	2	0	7	0	0
787	2	0	7	0	0
788	2	0	7	0	0
789	2	0	7	0	0
790	2	0	7	0	0
791	2	0	7	0	0
792	2	0	7	0	0
793	2	0	7	0	0
794	2	0	7	0	0
795	2	0	7	0	0
796	2	0	7	0	0
797	2	0	7	0	0
798	2	0	7	0	0
799	2	0	7	0	0
800	2	0	7	0	0
801	2	0	7	0	0
802	2	0	7	0	0
803	2	0	7	0	0
804	2	0	7	0	0
805	2	0	7	0	0
806	2	0	7	0	0
807	2	0	7	0	0
808	2	0	7	0	0
809	2	0	7	0	0
810	2	0	7	0	0
811	2	0	7	0	0
812	2	0	7	0	0
813	2	0	7	0	0
814	2	0	7	0	0
815	2	0	7	0	0
816	2	0	7	0	0
817	2	0	7	0	0
818	2	0	7	0	0
819	2	0	7	0	0
820	2	0	7	0	0
821	2	0	7	0	0
822	2	0	7	0	0
823	2	0	7	0	0
824	2	0	7	0	0
825	2	0	7	0	0
826	2	0	7	0	0
827	2	0	7	0	0
828	2	0	7	0	0
829	2	0	7	0	0
830	2	0	7	0	0
831	2	0	7	0	0
832	2	0	7	0	0
833	2	0	7	0	0
834	2	0	7	0	0
835	2	0	7	0	0
836	2	0	7	0	0
837	2	0	7	0	0
838	2	0	7	0	0
839	3	1	8	0	0
840	2	0	8	0	0
841	2	0	8	0	0
842	2	0	8	0	0
843	2	0	8	0	0
844	2	0	8	0	0
845	2	0	8	0	0
846	2	0	8	0	0
847	2	0	8	0	0
848	2	0	8	0	0
849	1	0	8	0	0
850	2	0	8	0	0
851	1	0	8	0	0
852	2	0	8	0	0
853	2	0	8	0	0
854	2	0	8	0	0
855	2	0	8	0	0
856	2	0	8	0	0
857	2	0	8	0	0
858	2	0	8	0	0
859	3	1	9	0	0
860	3	1	9	0	0
861	4	1	9	0	0
862	4	1	9	0	0
863	4	1	9	0	0
864	4	1	9	0	0
865	4	1	9	0	0
866	4	1	9	0	0
867	4	1	9	0	0
868	4	1	9	0	0
869	2	0	9	0	0
870	3	1	9	0	0
871	3	1	9	0	0
872	3	1	9	0	0
873	3	1	9	0	0
874	3	1	9	0	0
875	2	0	9	0	0
876	2	0	9	0	0
877	2	0	9	0	0
878	2	0	9	0	0
879	2	0	9	0	0
880	2	0	9	0	0
881	2	0	9	0	0
882	2	0	9	0	0
883	2	0	9	0	0
884	2	0	9	0	0
885	2	0	9	0	0
886	2	0	9	0	0
887	2	0	9	0	0
888	2	0	9	0	0
889	2	0	9	0	0
890	3	1	10	0	0
891	3	1	10	0	0
892	2	0	10	0	0
893	3	1	10	0	0
894	3	1	10	0	0
895	3	1	10	0	0
896	3	1	10	0	0
897	3	1	10	0	0
898	3	1	10	0	0
899	3	1	10	0	0
900	3	1	10	0	0
901	3	1	10	0	0
902	3	1	10	0	0
903	3	1	10	0	0
904	3	1	10	0	0
905	3	1	10	0	0
906	3	1	10	0	0
907	2	0	10	0	0
908	2	0	10	0	0
909	2	0	10	0	0
910	1	0	10	0	0
911	1	0	10	0	0
912	2	0	10	0	0
913	2	0	10	0	0
914	2	0	10	0	0
915	2	0	10	0	0
916	2	0	10	0	0
917	2	0	10	0	0
918	2	0	10	0	0
919	2	0	10	0	0
920	2	0	10	0	0
921	2	0	10	0	0
922	2	0	10	0	0
923	2	0	10	0	0
924	2	0	10	0	0
925	2	0	10	0	0
926	2	0	10	0	0
927	2	0	10	0	0
928	2	0	10	0	0
929	2	0	10	0	0
930	2	0	10	0	0
931	2	0	10	0	0
932	2	0	10	0	0
933	2	0	10	0	0
934	2	0	10	0	0
935	2	0	10	0	0
936	2	0	10	0	0
937	2	0	10	0	0
938	2	0	10	0	0
939	2	0	10	0	0
940	2	0	10	0	0
941	2	0	10	0	0
942	2	0	10	0	0
943	2	0	10	0	0
944	2	0	10	0	0
945	2	0	10	0	0
946	2	0	10	0	0
947	2	0	10	0	0
948	2	0	10	0	0
949	2	0	10	0	0
950	2	0	10	0	0
951	2	0	10	0	0
952	2	0	10	0	0
953	2	0	10	0	0
954	2	0	10	0	0
955	2	0	10	0	0
956	2	0	10	0	0
957	2	0	10	0	0
958	2	0	10	0	0
959	2	0	10	0	0
960	2	0	10	0	0
961	2	0	10	0	0
962	2	0	10	0	0
963	2	0	10	0	0
964	2	0	10	0	0
965	2	0	10	0	0
966	2	0	10	0	0
967	2	0	10	0	0
968	2	0	10	0	0
969	2	0	10	0	0
970	2	0	10	0	0
971	2	0	10	0	0
972	2	0	10	0	0
973	3	0	10	0	0
974	3	0	10	0	0
975	2	0	10	0	0
976	2	0	10	0	0
977	2	0	10	0	0
978	2	0	10	0	0
979	2	0	10	0	0
980	2	0	10	0	0
981	2	0	10	0	0
982	2	0	10	0	0
983	2	0	10	0	0
984	2	0	10	0	0
985	2	0	10	0	0
986	2	0	10	0	0
987	2	0	10	0	0
988	2	0	10	0	0
989	2	0	10	0	0
990	2	0	10	0	0
991	2	0	10	0	0
992	2	0	10	0	0
993	2	0	10	0	0
994	2	0	10	0	0
995	2	0	10	0	0
996	2	0	10	0	0
997	2	0	10	0	0
998	2	0	10	0	0
999	2	0	10	0	0
1000	2	0	10	0	0
1001	2	0	10	0	0
1002	2	0	10	0	0
1003	2	0	10	0	0
1004	2	0	10	0	0
1005	2	0	10	0	0
1006	2	0	10	0	0
1007	2	0	10	0	0
1008	2	0	10	0	0
1009	2	0	10	0	0
1010	2	0	10	0	0
1011	2	0	10	0	0
1012	2	0	10	0	0
1013	2	0	10	0	0
1014	2	0	10	0	0
1015	2	0	10	0	0
1016	2	0	10	0	0
1017	2	0	10	0	0
1018	2	0	10	0	0
1019	2	0	10	0	0
1020	2	0	10	0	0
1021	2	0	10	0	0
1022	2	0	10	0	0
1023	3	1	11	0	0
1024	3	1	11	0	0
1025	2	0	11	0	0
1026	2	0	11	0	0
1027	2	0	11	0	0
1028	2	0	11	0	0
1029	2	0	11	0	0
1030	3	1	11	0	0
1031	2	0	11	0	0
1032	3	1	11	0	0
1033	3	1	11	0	0
1034	3	1	11	0	0
1035	2	0	11	0	0
1036	3	1	11	0	0
1037	3	1	11	0	0
1038	2	0	11	0	0
1039	3	1	11	0	0
1040	2	0	11	0	0
1041	3	1	11	0	0
1042	3	1	11	0	0
1043	3	1	11	0	0
1044	3	1	11	0	0
1045	3	1	11	0	0
1046	3	1	11	0	0
1047	3	1	11	0	0
1048	3	1	11	0	0
1049	2	1	11	0	0
1050	3	1	11	0	0
1051	3	1	11	0	0
1052	3	1	11	0	0
1053	3	1	11	0	0
1054	3	1	11	0	0
1055	3	1	11	0	0
1056	3	1	11	0	0
1057	3	1	11	0	0
1058	3	1	11	0	0
1059	3	1	11	0	0
1060	3	1	11	0	0
1061	3	1	11	0	0
1062	3	1	11	0	0
1063	3	1	11	0	0
1064	3	1	11	0	0
1065	3	1	11	0	0
1066	3	1	11	0	0
1067	3	1	11	0	0
1068	3	1	11	0	0
1069	3	1	11	0	0
1070	3	1	11	0	0
1071	3	1	11	0	0
1072	3	1	11	0	0
1073	3	1	11	0	0
1074	4	1	11	0	0
1075	4	1	11	0	0
1076	4	1	11	0	0
1077	4	1	11	0	0
1078	4	1	11	0	0
1079	4	1	11	0	0
1080	4	1	11	0	0
1081	4	1	11	0	0
1082	4	1	11	0	0
1083	4	1	11	0	0
1084	4	1	11	0	0
1085	4	1	11	0	0
1086	4	1	11	0	0
1087	4	1	11	0	0
1088	5	2	12	0	0
1089	5	2	12	0	0
1090	5	2	12	0	0
1091	4	1	12	0	0
1092	5	2	12	0	0
1093	5	2	12	0	0
1094	5	2	12	0	0
1095	5	2	12	0	0
1096	4	1	12	0	0
1097	4	1	12	0	0
1098	4	1	12	0	0
1099	4	1	12	0	0
1100	4	1	12	0	0
1101	4	1	12	0	0
1102	4	1	12	0	0
1103	4	1	12	0	0
1104	5	2	12	0	0
1105	5	2	12	0	0
1106	5	2	12	0	0
1107	5	2	12	0	0
1108	5	2	12	0	0
1109	5	2	12	0	0
1110	5	2	12	0	0
1111	5	2	12	0	0
1112	5	2	12	0	0
1113	5	2	12	0	0
1114	5	2	12	0	0
1115	5	2	12	0	0
1116	5	2	12	0	0
1117	5	2	12	0	0
1118	5	2	12	0	0
1119	5	2	12	0	0
1120	5	2	12	0	0
1121	5	2	12	0	0
1122	5	2	12	0	0
1123	5	2	12	0	0
1124	5	2	12	0	0
1125	5	2	12	0	0
1126	5	2	12	0	0
1127	4	1	12	0	0
1128	4	1	12	0	0
1129	3	1	12	0	0
1130	3	1	12	0	0
1131	4	1	12	0	0
1132	4	1	12	0	0
1133	4	1	12	0	0
1134	4	1	12	0	0
1135	4	1	12	0	0
1136	4	1	12	0	0
1137	4	1	12	0	0
1138	4	1	12	0	0
1139	4	1	12	0	0
1140	4	1	12	0	0
1141	4	1	12	0	0
1142	4	1	12	0	0
1143	4	1	12	0	0
1144	4	1	12	0	0
1145	4	1	12	0	0
1146	4	1	12	0	0
1147	4	1	12	0	0
1148	4	1	12	0	0
1149	4	1	12	0	0
1150	4	1	12	0	0
1151	4	1	12	0	0
1152	4	1	12	0	0
1153	3	1	12	0	0
1154	3	1	12	0	0
1155	4	1	12	0	0
1156	4	1	12	0	0
1157	3	1	12	0	0
1158	3	1	12	0	0
1159	4	1	12	0	0
1160	3	1	12	0	0
1161	3	1	12	0	0
1162	3	1	12	0	0
1163	4	1	12	0	0
1164	4	1	12	0	0
1165	3	1	12	0	0
1166	4	1	12	0	0
1167	3	1	12	0	0
1168	3	1	12	0	0
1169	3	1	12	0	0
1170	3	1	12	0	0
1171	3	1	12	0	0
1172	3	1	12	0	0
1173	3	1	12	0	0
1174	2	1	12	0	0
1175	2	1	12	0	0
1176	2	1	12	0	0
1177	3	1	12	0	0
1178	3	1	12	0	0
1179	3	1	12	0	0
1180	3	1	12	0	0
1181	3	1	12	0	0
1182	3	1	12	0	0
1183	3	1	12	0	0
1184	3	1	12	0	0
1185	4	1	12	0	0
1186	3	1	12	0	0
1187	4	1	12	0	0
1188	4	1	12	0	0
1189	3	1	12	0	0
1190	4	1	12	0	0
1191	4	1	12	0	0
1192	4	1	12	0	0
1193	4	1	12	0	0
1194	4	1	12	0	0
1195	4	1	12	0	0
1196	4	1	12	0	0
1197	4	1	12	0	0
1198	4	1	12	0	0
1199	4	1	12	0	0
1200	4	1	12	0	0
1201	4	1	12	0	0
1202	4	1	12	0	0
1203	4	1	12	0	0
1204	4	1	12	0	0
1205	4	1	12	0	0
1206	4	1	12	0	0
1207	3	1	12	0	0
1208	4	1	12	0	0
1209	4	1	12	0	0
1210	4	1	12	0	0
1211	4	1	12	0	0
1212	4	1	12	0	0
1213	4	1	12	0	0
1214	4	1	12	0	0
1215	4	1	12	0	0
1216	4	1	12	0	0
1217	4	1	12	0	0
1218	4	1	12	0	0
1219	4	1	12	0	0
1220	4	1	12	0	0
1221	4	1	12	0	0
1222	4	1	12	0	0
1223	4	1	12	0	0
1224	4	1	12	0	0
1225	4	1	12	0	0
1226	4	1	12	0	0
1227	4	1	12	0	0
1228	2	1	12	0	0
1229	2	1	12	0	0
1230	2	1	12	0	0
1231	2	1	12	0	0
1232	3	1	12	0	0
1233	3	1	12	0	0
1234	3	1	12	0	0
1235	3	1	12	0	0
1236	3	1	12	0	0
1237	3	1	12	0	0
1238	3	1	12	0	0
1239	3	1	12	0	0
1240	3	1	12	0	0
1241	4	1	12	0	0
1242	4	1	12	0	0
1243	4	1	12	0	0
1244	4	1	12	0	0
1245	4	1	12	0	0
1246	4	1	12	0	0
1247	4	1	12	0	0
1248	4	1	12	0	0
1249	4	1	12	0	0
1250	4	1	12	0	0
1251	3	1	12	0	0
1252	3	1	12	0	0
1253	3	1	12	0	0
1254	3	1	12	0	0
1255	3	1	12	0	0
1256	3	1	12	0	0
1257	3	1	12	0	0
1258	3	1	12	0	0
1259	3	1	12	0	0
1260	3	1	12	0	0
1261	3	1	12	0	0
1262	3	1	12	0	0
1263	2	1	12	0	0
1264	3	1	12	0	0
1265	2	1	12	0	0
1266	3	1	12	0	0
1267	3	1	12	0	0
1268	3	1	12	0	0
1269	3	1	12	0	0
1270	3	1	12	0	0
1271	3	1	12	0	0
1272	3	1	12	0	0
1273	3	1	12	0	0
1274	3	1	12	0	0
1275	3	1	12	0	0
1276	3	1	12	0	0
1277	3	1	12	0	0
1278	3	1	12	0	0
1279	3	1	12	0	0
1280	3	1	12	0	0
1281	3	1	12	0	0
1282	3	1	12	0	0
1283	3	1	12	0	0
1284	3	1	12	0	0
1285	3	1	12	0	0
1286	3	1	12	0	0
1287	3	1	12	0	0
1288	3	1	12	0	0
1289	3	1	12	0	0
1290	3	1	12	0	0
1291	3	1	12	0	0
1292	3	1	12	0	0
1293	3	1	12	0	0
1294	3	1	12	0	0
1295	3	1	12	0	0
1296	3	1	12	0	0
1297	3	1	12	0	0
1298	3	1	12	0	0
1299	3	1	12	0	0
1300	3	1	12	0	0
1301	3	1	12	0	0
1302	3	1	12	0	0
1303	3	1	12	0	0
1304	3	1	12	0	0
1305	3	1	12	0	0
1306	3	1	12	0	0
1307	3	1	12	0	0
1308	3	1	12	0	0
1309	3	1	12	0	0
1310	3	1	12	0	0
1311	3	1	12	0	0
1312	3	1	12	0	0
1313	3	1	12	0	0
1314	3	1	12	0	0
1315	3	1	12	0	0
1316	3	1	12	0	0
1317	3	1	12	0	0
1318	3	1	12	0	0
1319	3	1	12	0	0
1320	3	1	12	0	0
1321	3	1	12	0	0
1322	3	1	12	0	0
1323	3	1	12	0	0
1324	3	1	12	0	0
1325	3	1	12	0	0
1326	3	1	12	0	0
1327	3	1	12	0	0
1328	3	1	12	0	0
1329	3	1	12	0	0
1330	3	1	12	0	0
1331	3	1	12	0	0
1332	3	1	12	0	0
1333	3	1	12	0	0
1334	3	1	12	0	0
1335	3	1	12	0	0
1336	3	1	12	0	0
1337	3	1	12	0	0
1338	3	1	12	0	0
1339	3	1	12	0	0
1340	3	1	12	0	0
1341	3	1	12	0	0
1342	3	1	12	0	0
1343	3	1	12	0	0
1344	3	1	12	0	0
1345	3	1	12	0	0
1346	3	1	12	0	0
1347	3	1	12	0	0
1348	3	1	12	0	0
1349	3	1	12	0	0
1350	3	1	12	0	0
1351	3	1	12	0	0
1352	3	1	12	0	0
1353	3	1	12	0	0
1354	3	1	12	0	0
1355	3	1	12	0	0
