Frame	Objetos_Detectados	IDs_Confirmados	IDs_Unicos	En_Zonas	Cruzaron_Lineas
1	2	0	0	0	0
2	2	0	0	0	0
3	2	0	0	0	0
4	2	0	0	0	0
5	2	0	0	0	0
6	2	0	0	0	0
7	2	0	0	0	0
8	2	0	0	0	0
9	2	0	0	0	0
10	2	0	0	0	0
11	2	0	0	0	0
12	2	0	0	0	0
13	2	0	0	0	0
14	1	0	0	0	0
15	1	0	0	0	0
16	3	0	0	0	0
17	3	0	0	0	0
18	3	0	0	0	0
19	3	0	0	0	0
20	3	0	0	0	0
21	3	0	0	0	0
22	3	0	0	0	0
23	3	0	0	0	0
24	3	0	0	0	0
25	3	0	0	0	0
26	3	0	0	0	0
27	3	0	0	0	0
28	3	0	0	0	0
29	3	0	0	0	0
30	3	0	0	0	0
31	3	0	0	0	0
32	3	0	0	0	0
33	2	0	0	0	0
34	2	0	0	0	0
35	2	0	0	0	0
36	2	0	0	0	0
37	2	0	0	0	0
38	2	0	0	0	0
39	2	0	0	0	0
40	2	0	0	0	0
41	2	0	0	0	0
42	2	0	0	0	0
43	2	0	0	0	0
44	2	0	0	0	0
45	2	0	0	0	0
46	2	0	0	0	0
47	2	0	0	0	0
48	2	0	0	0	0
49	2	0	0	0	0
50	2	0	0	0	0
51	2	0	0	0	0
52	2	0	0	0	0
53	2	0	0	0	0
54	2	0	0	0	0
55	2	0	0	0	0
56	2	0	0	0	0
57	2	0	0	0	0
58	2	0	0	0	0
59	2	0	0	0	0
60	2	0	0	0	0
61	2	0	0	0	0
62	2	0	0	0	0
63	2	0	0	0	0
64	2	0	0	0	0
65	2	0	0	0	0
66	3	1	1	0	0
67	3	0	1	0	0
68	3	0	1	0	0
69	3	0	1	0	0
70	4	1	1	0	0
71	3	0	1	0	0
72	3	0	1	0	0
73	3	0	1	0	0
74	3	0	1	0	0
75	3	0	1	0	0
76	3	1	2	0	0
77	4	1	2	0	0
78	4	1	2	0	0
79	4	1	2	0	0
80	3	1	2	0	0
81	3	1	2	0	0
82	3	1	2	0	0
83	4	1	2	0	0
84	3	1	2	0	0
85	3	0	2	0	0
86	2	0	2	0	0
87	4	1	2	0	0
88	4	1	2	0	0
89	4	1	2	0	0
90	4	1	2	0	0
91	5	2	2	0	0
92	5	2	2	0	0
93	5	2	2	0	0
94	5	2	2	0	0
95	5	2	2	0	0
96	5	2	2	0	0
97	5	2	2	0	0
98	5	2	2	0	0
99	5	2	2	0	0
100	5	2	2	0	0
101	5	2	2	0	0
102	5	2	2	0	0
103	5	2	2	0	0
104	5	2	2	0	0
105	5	2	2	0	0
106	5	2	2	0	0
107	5	2	2	0	0
108	5	2	2	0	0
109	5	2	2	0	0
110	5	2	2	0	0
111	5	2	2	0	0
112	5	2	2	0	0
113	5	2	2	0	0
114	5	2	2	0	0
115	5	2	2	0	0
116	5	2	2	0	0
117	5	2	2	0	0
118	4	1	2	0	0
119	4	1	2	0	0
120	4	1	2	0	0
121	3	1	2	0	0
122	4	2	2	0	0
123	4	2	2	0	0
124	4	2	2	0	0
125	4	1	2	0	0
126	5	2	2	0	0
127	4	2	2	0	0
128	4	2	2	0	0
129	4	2	2	0	0
130	4	2	2	0	0
131	4	2	2	0	0
132	4	2	2	0	0
133	3	2	2	0	0
134	3	2	2	0	0
135	3	2	2	0	0
136	2	1	2	0	0
137	2	1	2	0	0
138	3	1	2	0	0
139	3	1	2	0	0
140	2	1	2	0	0
141	2	1	2	0	0
142	2	1	2	0	0
143	2	1	2	0	0
144	2	1	2	0	0
145	3	1	2	0	0
146	3	0	2	0	0
147	4	1	2	0	0
148	3	0	2	0	0
149	3	1	2	0	0
150	4	1	2	0	0
151	4	1	2	0	0
152	2	1	2	0	0
153	3	1	2	0	0
154	2	1	2	0	0
155	3	1	2	0	0
156	3	1	2	0	0
157	3	1	2	0	0
158	3	1	2	0	0
159	3	1	2	0	0
160	3	1	2	0	0
161	3	1	2	0	0
162	3	1	2	0	0
163	3	1	2	0	0
164	4	2	3	0	0
165	3	1	3	0	0
166	3	1	3	0	0
167	4	2	3	0	0
168	3	1	3	0	0
169	3	1	3	0	0
170	3	1	3	0	0
171	4	2	3	0	0
172	3	1	3	0	0
173	3	1	3	0	0
174	3	1	3	0	0
175	4	2	3	0	0
176	3	1	3	0	0
177	4	2	3	0	0
178	4	2	3	0	0
179	4	2	3	0	0
180	4	2	3	0	0
181	4	2	3	0	0
182	4	2	3	0	0
183	3	1	3	0	0
184	3	1	3	0	0
185	4	1	3	0	0
186	4	1	3	0	0
187	4	1	3	0	0
188	5	2	3	0	0
189	4	1	3	0	0
190	4	1	3	0	0
191	5	2	3	0	0
192	5	2	3	0	0
193	4	1	3	0	0
194	5	2	3	0	0
195	3	1	3	0	0
196	4	1	3	0	0
197	4	1	3	0	0
198	3	1	3	0	0
199	4	1	3	0	0
200	3	0	3	0	0
201	3	0	3	0	0
202	4	1	3	0	0
203	4	1	3	0	0
204	3	0	3	0	0
205	4	1	3	0	0
206	4	1	3	0	0
207	4	1	3	0	0
208	4	1	3	0	0
209	4	1	3	0	0
210	4	1	3	0	0
211	3	1	3	0	0
212	3	1	3	0	0
213	3	1	3	0	0
214	3	1	3	0	0
215	3	1	3	0	0
216	3	1	3	0	0
217	3	1	3	0	0
218	3	1	3	0	0
219	3	1	3	0	0
220	3	1	3	0	0
221	3	1	3	0	0
222	3	1	3	0	0
223	3	1	3	0	0
224	3	1	3	0	0
225	3	1	3	0	0
226	3	1	3	0	0
227	3	1	3	0	0
228	3	1	3	0	0
229	3	1	3	0	0
230	3	1	3	0	0
231	3	1	3	0	0
232	3	1	3	0	0
233	3	1	3	0	0
234	3	1	3	0	0
235	3	1	3	0	0
236	3	1	3	0	0
237	3	1	3	0	0
238	3	1	3	0	0
239	2	0	3	0	0
240	2	0	3	0	0
241	3	1	3	0	0
242	2	0	3	0	0
243	3	1	3	0	0
244	3	1	3	0	0
245	3	1	3	0	0
246	2	0	3	0	0
247	3	1	3	0	0
248	3	1	3	0	0
249	2	0	3	0	0
250	2	0	3	0	0
251	3	1	3	0	0
252	4	1	3	0	0
253	4	1	3	0	0
254	4	1	3	0	0
255	4	1	3	0	0
256	4	1	3	0	0
257	4	1	3	0	0
258	4	1	3	0	0
259	5	2	4	0	0
260	5	2	4	0	0
261	4	1	4	0	0
262	4	1	4	0	0
263	4	1	4	0	0
264	4	1	4	0	0
265	4	1	4	0	0
266	4	1	4	0	0
267	4	1	4	0	0
268	4	1	4	0	0
269	4	1	4	0	0
270	4	1	4	0	0
271	4	1	4	0	0
272	4	1	4	0	0
273	4	1	4	0	0
274	4	1	4	0	0
275	4	1	4	0	0
276	4	1	4	0	0
277	4	1	4	0	0
278	4	1	4	0	0
279	4	1	4	0	0
280	4	1	4	0	0
281	4	1	4	0	0
282	4	1	4	0	0
283	4	1	4	0	0
284	4	1	4	0	0
285	4	1	4	0	0
286	4	1	4	0	0
287	4	1	4	0	0
288	4	1	4	0	0
289	4	1	4	0	0
290	4	1	4	0	0
291	4	1	4	0	0
292	4	1	4	0	0
293	4	1	4	0	0
294	4	1	4	0	0
295	4	1	4	0	0
296	4	1	4	0	0
297	4	1	4	0	0
298	4	1	4	0	0
299	4	1	4	0	0
300	4	1	4	0	0
301	4	1	4	0	0
302	3	1	4	0	0
303	3	1	4	0	0
304	3	1	4	0	0
305	3	1	4	0	0
306	4	1	4	0	0
307	4	1	4	0	0
308	3	1	4	0	0
309	3	1	4	0	0
310	3	1	4	0	0
311	4	1	4	0	0
312	4	1	4	0	0
313	4	1	4	0	0
314	4	1	4	0	0
315	4	1	4	0	0
316	4	1	4	0	0
317	3	0	4	0	0
318	3	0	4	0	0
319	3	0	4	0	0
320	3	0	4	0	0
321	3	0	4	0	0
322	3	0	4	0	0
323	3	0	4	0	0
324	3	0	4	0	0
325	3	0	4	0	0
326	3	0	4	0	0
327	4	1	4	0	0
328	4	1	4	0	0
329	4	1	4	0	0
330	4	1	4	0	0
331	4	1	4	0	0
332	4	1	4	0	0
333	4	1	4	0	0
334	4	1	4	0	0
335	4	1	4	0	0
336	4	1	4	0	0
337	4	1	4	0	0
338	4	1	4	0	0
339	4	1	4	0	0
340	4	1	4	0	0
341	4	1	4	0	0
342	4	1	4	0	0
343	4	1	4	0	0
344	4	1	4	0	0
345	4	1	4	0	0
346	4	1	4	0	0
347	4	1	4	0	0
348	4	1	4	0	0
349	4	1	4	0	0
350	4	1	4	0	0
351	4	1	4	0	0
352	5	2	5	0	0
353	5	2	5	0	0
354	5	2	5	0	0
355	5	2	5	0	0
356	5	2	5	0	0
357	5	2	5	0	0
358	5	2	5	0	0
359	5	2	5	0	0
360	4	1	5	0	0
361	4	1	5	0	0
362	5	2	5	0	0
363	5	2	5	0	0
364	5	2	5	0	0
365	5	2	5	0	0
366	5	2	5	0	0
367	4	2	5	0	0
368	4	2	5	0	0
369	4	2	5	0	0
370	4	2	5	0	0
371	4	2	5	0	0
372	4	2	5	0	0
373	4	2	5	0	0
374	4	2	5	0	0
375	4	2	5	0	0
376	4	2	5	0	0
377	4	2	5	0	0
378	4	2	5	0	0
379	4	2	5	0	0
380	4	2	5	0	0
381	4	2	5	0	0
382	4	2	5	0	0
383	4	2	5	0	0
384	3	2	5	0	0
385	3	2	5	0	0
386	5	2	5	0	0
387	3	2	5	0	0
388	3	2	5	0	0
389	3	2	5	0	0
390	3	2	5	0	0
391	3	2	5	0	0
392	5	2	5	0	0
393	4	2	5	0	0
394	5	2	5	0	0
395	5	2	5	0	0
396	5	2	5	0	0
397	5	2	5	0	0
398	5	2	5	0	0
399	5	2	5	0	0
400	4	2	5	0	0
401	4	2	5	0	0
402	4	2	5	0	0
403	4	2	5	0	0
404	4	2	5	0	0
405	5	2	5	0	0
406	5	2	5	0	0
407	5	2	5	0	0
408	5	2	5	0	0
409	5	2	5	0	0
410	5	2	5	0	0
411	5	2	5	0	0
412	5	2	5	0	0
413	5	2	5	0	0
414	5	2	5	0	0
415	5	2	5	0	0
416	5	2	5	0	0
417	5	2	5	0	0
418	5	2	5	0	0
419	5	2	5	0	0
420	5	2	5	0	0
421	5	2	5	0	0
422	5	2	5	0	0
423	5	2	5	0	0
424	5	2	5	0	0
425	5	2	5	0	0
426	5	2	5	0	0
427	5	2	5	0	0
428	5	2	5	0	0
429	5	2	5	0	0
430	5	2	5	0	0
431	5	2	5	0	0
432	5	2	5	0	0
433	5	2	5	0	0
434	5	2	5	0	0
435	5	2	5	0	0
436	5	2	5	0	0
437	5	2	5	0	0
438	5	2	5	0	0
439	6	2	5	0	0
440	5	2	5	0	0
441	4	1	5	0	0
442	5	2	5	0	0
443	4	1	5	0	0
444	4	1	5	0	0
445	5	2	5	0	0
446	5	2	5	0	0
447	5	2	5	0	0
448	4	1	5	0	0
449	4	1	5	0	0
450	4	1	5	0	0
451	4	1	5	0	0
452	5	2	5	0	0
453	5	2	5	0	0
454	5	2	5	0	0
455	4	1	5	0	0
456	4	1	5	0	0
457	4	1	5	0	0
458	4	1	5	0	0
459	4	1	5	0	0
460	4	1	5	0	0
461	4	1	5	0	0
462	4	1	5	0	0
463	4	1	5	0	0
464	4	1	5	0	0
465	4	1	5	0	0
466	4	1	5	0	0
467	4	1	5	0	0
468	4	1	5	0	0
469	4	1	5	0	0
470	4	1	5	0	0
471	4	1	5	0	0
472	4	1	5	0	0
473	4	1	5	0	0
474	4	1	5	0	0
475	4	1	5	0	0
476	4	1	5	0	0
477	4	1	5	0	0
478	4	1	5	0	0
479	4	1	5	0	0
480	4	1	5	0	0
481	4	1	5	0	0
482	4	1	5	0	0
483	4	1	5	0	0
484	4	1	5	0	0
485	4	1	5	0	0
486	4	1	5	0	0
487	4	1	5	0	0
488	4	1	5	0	0
489	5	2	6	0	0
490	5	2	6	0	0
491	5	2	6	0	0
492	5	2	6	0	0
493	5	2	6	0	0
494	4	1	6	0	0
495	4	1	6	0	0
496	4	1	6	0	0
497	4	1	6	0	0
498	4	1	6	0	0
499	4	1	6	0	0
500	4	1	6	0	0
501	3	1	6	0	0
502	3	1	6	0	0
503	3	1	6	0	0
504	3	1	6	0	0
505	3	1	6	0	0
506	3	1	6	0	0
507	3	1	6	0	0
508	3	1	6	0	0
509	3	1	6	0	0
510	3	1	6	0	0
511	2	0	6	0	0
512	2	0	6	0	0
513	2	0	6	0	0
514	2	0	6	0	0
515	2	0	6	0	0
516	2	0	6	0	0
517	2	0	6	0	0
518	2	0	6	0	0
519	2	0	6	0	0
520	2	0	6	0	0
521	2	0	6	0	0
522	2	0	6	0	0
523	2	0	6	0	0
524	2	0	6	0	0
525	2	0	6	0	0
526	2	0	6	0	0
527	2	0	6	0	0
528	2	0	6	0	0
529	2	0	6	0	0
530	2	0	6	0	0
531	2	0	6	0	0
532	2	0	6	0	0
533	2	0	6	0	0
534	2	0	6	0	0
535	2	0	6	0	0
536	2	0	6	0	0
537	3	1	6	0	0
538	3	1	6	0	0
539	3	1	6	0	0
540	3	1	6	0	0
541	3	1	6	0	0
542	3	1	6	0	0
543	3	1	6	0	0
544	3	1	6	0	0
545	3	1	6	0	0
546	3	1	6	0	0
547	3	1	6	0	0
548	3	1	6	0	0
549	3	1	6	0	0
550	3	1	6	0	0
551	3	1	6	0	0
552	3	1	6	0	0
553	3	1	6	0	0
554	3	1	6	0	0
555	3	1	6	0	0
556	3	1	6	0	0
557	3	1	6	0	0
558	3	1	6	0	0
559	3	1	6	0	0
560	3	1	6	0	0
561	3	1	6	0	0
562	3	1	6	0	0
563	3	1	6	0	0
564	3	1	6	0	0
565	3	1	6	0	0
566	3	1	6	0	0
567	3	1	6	0	0
568	3	1	6	0	0
569	3	1	6	0	0
570	3	1	6	0	0
571	3	1	6	0	0
572	3	1	6	0	0
573	3	1	6	0	0
574	3	1	6	0	0
575	3	1	6	0	0
576	3	1	6	0	0
577	2	0	6	0	0
578	2	0	6	0	0
579	2	0	6	0	0
580	2	0	6	0	0
581	2	0	6	0	0
582	2	0	6	0	0
583	2	0	6	0	0
584	2	0	6	0	0
585	2	0	6	0	0
586	2	0	6	0	0
587	2	0	6	0	0
588	3	1	6	0	0
589	3	1	6	0	0
590	3	1	6	0	0
591	3	1	6	0	0
592	3	1	6	0	0
593	3	1	6	0	0
594	3	1	6	0	0
595	3	1	6	0	0
596	3	1	6	0	0
597	3	1	6	0	0
598	3	1	6	0	0
599	3	1	6	0	0
600	3	1	6	0	0
601	3	1	6	0	0
602	3	1	6	0	0
603	3	1	6	0	0
604	3	1	6	0	0
605	3	1	6	0	0
606	3	1	6	0	0
607	3	1	6	0	0
608	3	1	6	0	0
609	3	1	6	0	0
610	3	1	6	0	0
611	3	1	6	0	0
612	3	1	6	0	0
613	3	1	6	0	0
614	3	1	6	0	0
615	3	1	6	0	0
616	3	1	6	0	0
617	3	1	6	0	0
618	3	1	6	0	0
619	3	1	6	0	0
620	3	1	6	0	0
621	3	1	6	0	0
622	3	1	6	0	0
623	3	1	6	0	0
624	3	1	6	0	0
625	3	1	6	0	0
626	3	1	6	0	0
627	3	1	6	0	0
628	3	1	6	0	0
629	3	1	6	0	0
630	3	1	6	0	0
631	3	1	6	0	0
632	3	1	6	0	0
633	3	1	6	0	0
634	3	1	6	0	0
635	3	1	6	0	0
636	3	1	6	0	0
637	3	1	6	0	0
638	3	1	6	0	0
639	3	1	6	0	0
640	3	1	6	0	0
641	3	1	6	0	0
642	3	1	6	0	0
643	3	1	6	0	0
644	3	1	6	0	0
645	3	1	6	0	0
646	3	1	6	0	0
647	3	1	6	0	0
648	3	1	6	0	0
649	3	1	6	0	0
650	3	1	6	0	0
651	3	1	6	0	0
652	3	1	6	0	0
653	3	1	6	0	0
654	3	1	6	0	0
655	3	1	6	0	0
656	3	1	6	0	0
657	3	1	6	0	0
658	3	1	6	0	0
659	3	1	6	0	0
660	2	1	6	0	0
661	3	1	6	0	0
662	3	1	6	0	0
663	3	1	6	0	0
664	3	1	6	0	0
665	3	1	6	0	0
666	3	1	6	0	0
667	3	1	6	0	0
668	3	1	6	0	0
669	3	1	6	0	0
670	3	1	6	0	0
671	3	1	6	0	0
672	3	1	6	0	0
673	3	1	6	0	0
674	3	1	6	0	0
675	3	1	6	0	0
676	3	1	6	0	0
677	3	1	6	0	0
678	3	1	6	0	0
679	2	1	6	0	0
680	3	1	6	0	0
681	3	1	6	0	0
682	2	1	6	0	0
683	2	1	6	0	0
684	2	1	6	0	0
685	2	1	6	0	0
686	2	1	6	0	0
687	2	1	6	0	0
688	2	1	6	0	0
689	2	1	6	0	0
690	2	1	6	0	0
691	2	1	6	0	0
692	2	1	6	0	0
693	2	1	6	0	0
694	2	1	6	0	0
695	2	1	6	0	0
696	1	0	6	0	0
697	1	0	6	0	0
698	2	0	6	0	0
699	2	0	6	0	0
700	2	0	6	0	0
701	2	0	6	0	0
702	2	0	6	0	0
703	2	0	6	0	0
704	1	0	6	0	0
705	2	0	6	0	0
706	2	0	6	0	0
707	2	0	6	0	0
708	2	0	6	0	0
709	2	0	6	0	0
710	2	0	6	0	0
711	2	0	6	0	0
712	2	0	6	0	0
713	2	0	6	0	0
714	2	0	6	0	0
715	2	0	6	0	0
716	2	0	6	0	0
717	2	0	6	0	0
718	2	0	6	0	0
719	2	0	6	0	0
720	2	0	6	0	0
721	2	0	6	0	0
722	2	0	6	0	0
723	2	0	6	0	0
724	2	0	6	0	0
725	2	0	6	0	0
726	2	0	6	0	0
727	3	1	6	0	0
728	2	0	6	0	0
729	2	0	6	0	0
730	2	0	6	0	0
731	3	1	7	0	0
732	3	1	7	0	0
733	3	1	7	0	0
734	3	1	7	0	0
735	3	1	7	0	0
736	3	1	7	0	0
737	3	1	7	0	0
738	3	1	7	0	0
739	3	1	7	0	0
740	3	1	7	0	0
741	2	1	7	0	0
742	2	1	7	0	0
743	2	1	7	0	0
744	2	1	7	0	0
745	2	1	7	0	0
746	2	1	7	0	0
747	2	1	7	0	0
748	2	1	7	0	0
749	2	1	7	0	0
750	2	1	7	0	0
751	2	0	7	0	0
752	2	0	7	0	0
753	2	0	7	0	0
754	2	0	7	0	0
755	2	0	7	0	0
756	2	0	7	0	0
757	2	0	7	0	0
758	2	0	7	0	0
759	2	0	7	0	0
760	2	0	7	0	0
761	2	0	7	0	0
762	2	0	7	0	0
763	2	0	7	0	0
764	2	0	7	0	0
765	2	0	7	0	0
766	2	0	7	0	0
767	2	0	7	0	0
768	2	0	7	0	0
769	2	0	7	0	0
770	2	0	7	0	0
771	2	0	7	0	0
772	2	0	7	0	0
773	2	0	7	0	0
774	2	0	7	0	0
775	2	0	7	0	0
776	2	0	7	0	0
777	2	0	7	0	0
778	2	0	7	0	0
779	2	0	7	0	0
780	2	0	7	0	0
781	2	0	7	0	0
782	2	0	7	0	0
783	2	0	7	0	0
784	2	0	7	0	0
785	2	0	7	0	0
786	2	0	7	0	0
787	2	0	7	0	0
788	2	0	7	0	0
789	2	0	7	0	0
790	2	0	7	0	0
791	2	0	7	0	0
792	2	0	7	0	0
793	2	0	7	0	0
794	2	0	7	0	0
795	2	0	7	0	0
796	2	0	7	0	0
797	2	0	7	0	0
798	2	0	7	0	0
799	2	0	7	0	0
800	2	0	7	0	0
801	2	0	7	0	0
802	2	0	7	0	0
803	2	0	7	0	0
804	2	0	7	0	0
805	2	0	7	0	0
806	2	0	7	0	0
807	2	0	7	0	0
808	2	0	7	0	0
809	2	0	7	0	0
810	2	0	7	0	0
811	2	0	7	0	0
812	2	0	7	0	0
813	2	0	7	0	0
814	2	0	7	0	0
815	2	0	7	0	0
816	2	0	7	0	0
817	2	0	7	0	0
818	2	0	7	0	0
819	2	0	7	0	0
820	2	0	7	0	0
821	2	0	7	0	0
822	2	0	7	0	0
823	2	0	7	0	0
824	2	0	7	0	0
825	2	0	7	0	0
826	2	0	7	0	0
827	2	0	7	0	0
828	2	0	7	0	0
829	2	0	7	0	0
830	2	0	7	0	0
831	2	0	7	0	0
832	2	0	7	0	0
833	2	0	7	0	0
834	2	0	7	0	0
835	2	0	7	0	0
836	2	0	7	0	0
837	2	0	7	0	0
838	2	0	7	0	0
839	3	1	8	0	0
840	2	0	8	0	0
841	2	0	8	0	0
842	2	0	8	0	0
843	2	0	8	0	0
844	2	0	8	0	0
845	2	0	8	0	0
846	2	0	8	0	0
847	2	0	8	0	0
848	2	0	8	0	0
849	1	0	8	0	0
850	2	0	8	0	0
851	1	0	8	0	0
852	2	0	8	0	0
853	2	0	8	0	0
854	2	0	8	0	0
855	2	0	8	0	0
856	2	0	8	0	0
857	2	0	8	0	0
858	2	0	8	0	0
859	3	1	9	0	0
860	3	1	9	0	0
861	4	1	9	0	0
862	4	1	9	0	0
863	4	1	9	0	0
864	4	1	9	0	0
865	4	1	9	0	0
866	4	1	9	0	0
867	4	1	9	0	0
868	4	1	9	0	0
869	2	0	9	0	0
870	3	1	9	0	0
871	3	1	9	0	0
872	3	1	9	0	0
873	3	1	9	0	0
874	3	1	9	0	0
875	2	0	9	0	0
876	2	0	9	0	0
877	2	0	9	0	0
878	2	0	9	0	0
879	2	0	9	0	0
880	2	0	9	0	0
881	2	0	9	0	0
882	2	0	9	0	0
883	2	0	9	0	0
884	2	0	9	0	0
885	2	0	9	0	0
886	2	0	9	0	0
887	2	0	9	0	0
888	2	0	9	0	0
889	2	0	9	0	0
890	3	1	10	0	0
891	3	1	10	0	0
892	2	0	10	0	0
893	3	1	10	0	0
894	3	1	10	0	0
895	3	1	10	0	0
896	3	1	10	0	0
897	3	1	10	0	0
898	3	1	10	0	0
899	3	1	10	0	0
900	3	1	10	0	0
901	3	1	10	0	0
902	3	1	10	0	0
903	3	1	10	0	0
904	3	1	10	0	0
905	3	1	10	0	0
906	3	1	10	0	0
907	2	0	10	0	0
908	2	0	10	0	0
909	2	0	10	0	0
910	1	0	10	0	0
911	1	0	10	0	0
912	2	0	10	0	0
913	2	0	10	0	0
914	2	0	10	0	0
915	2	0	10	0	0
916	2	0	10	0	0
917	2	0	10	0	0
918	2	0	10	0	0
919	2	0	10	0	0
920	2	0	10	0	0
921	2	0	10	0	0
922	2	0	10	0	0
923	2	0	10	0	0
924	2	0	10	0	0
925	2	0	10	0	0
926	2	0	10	0	0
927	2	0	10	0	0
928	2	0	10	0	0
929	2	0	10	0	0
930	2	0	10	0	0
931	2	0	10	0	0
932	2	0	10	0	0
933	2	0	10	0	0
934	2	0	10	0	0
935	2	0	10	0	0
936	2	0	10	0	0
937	2	0	10	0	0
938	2	0	10	0	0
939	2	0	10	0	0
940	2	0	10	0	0
941	2	0	10	0	0
942	2	0	10	0	0
943	2	0	10	0	0
944	2	0	10	0	0
945	2	0	10	0	0
946	2	0	10	0	0
947	2	0	10	0	0
948	2	0	10	0	0
949	2	0	10	0	0
950	2	0	10	0	0
951	2	0	10	0	0
952	2	0	10	0	0
953	2	0	10	0	0
954	2	0	10	0	0
955	2	0	10	0	0
956	2	0	10	0	0
957	2	0	10	0	0
958	2	0	10	0	0
959	2	0	10	0	0
960	2	0	10	0	0
961	2	0	10	0	0
962	2	0	10	0	0
963	2	0	10	0	0
964	2	0	10	0	0
965	2	0	10	0	0
966	2	0	10	0	0
967	2	0	10	0	0
968	2	0	10	0	0
969	2	0	10	0	0
970	2	0	10	0	0
971	2	0	10	0	0
972	2	0	10	0	0
973	3	0	10	0	0
974	3	0	10	0	0
975	2	0	10	0	0
976	2	0	10	0	0
977	2	0	10	0	0
978	2	0	10	0	0
979	2	0	10	0	0
980	2	0	10	0	0
981	2	0	10	0	0
982	2	0	10	0	0
983	2	0	10	0	0
984	2	0	10	0	0
985	2	0	10	0	0
986	2	0	10	0	0
987	2	0	10	0	0
988	2	0	10	0	0
989	2	0	10	0	0
990	2	0	10	0	0
991	2	0	10	0	0
992	2	0	10	0	0
993	2	0	10	0	0
994	2	0	10	0	0
995	2	0	10	0	0
996	2	0	10	0	0
997	2	0	10	0	0
998	2	0	10	0	0
999	2	0	10	0	0
1000	2	0	10	0	0
1001	2	0	10	0	0
1002	2	0	10	0	0
1003	2	0	10	0	0
1004	2	0	10	0	0
1005	2	0	10	0	0
1006	2	0	10	0	0
1007	2	0	10	0	0
1008	2	0	10	0	0
1009	2	0	10	0	0
1010	2	0	10	0	0
1011	2	0	10	0	0
1012	2	0	10	0	0
1013	2	0	10	0	0
1014	2	0	10	0	0
1015	2	0	10	0	0
1016	2	0	10	0	0
1017	2	0	10	0	0
1018	2	0	10	0	0
1019	2	0	10	0	0
1020	2	0	10	0	0
1021	2	0	10	0	0
1022	2	0	10	0	0
1023	3	1	11	0	0
1024	3	1	11	0	0
1025	2	0	11	0	0
1026	2	0	11	0	0
1027	2	0	11	0	0
1028	2	0	11	0	0
1029	2	0	11	0	0
1030	3	1	11	0	0
1031	2	0	11	0	0
1032	3	1	11	0	0
1033	3	1	11	0	0
1034	3	1	11	0	0
1035	2	0	11	0	0
1036	3	1	11	0	0
1037	3	1	11	0	0
1038	2	0	11	0	0
1039	3	1	11	0	0
1040	2	0	11	0	0
1041	3	1	11	0	0
1042	3	1	11	0	0
1043	3	1	11	0	0
1044	3	1	11	0	0
1045	3	1	11	0	0
1046	3	1	11	0	0
1047	3	1	11	0	0
1048	3	1	11	0	0
1049	2	1	11	0	0
1050	3	1	11	0	1
1051	3	1	11	0	1
1052	3	1	11	0	1
1053	3	1	11	0	1
1054	3	1	11	0	1
1055	3	1	11	0	1
1056	3	1	11	0	1
1057	3	1	11	0	1
1058	3	1	11	0	1
1059	3	1	11	0	1
1060	3	1	11	0	1
1061	3	1	11	0	1
1062	3	1	11	0	1
1063	3	1	11	0	1
1064	3	1	11	0	1
1065	3	1	11	0	1
1066	3	1	11	0	1
1067	3	1	11	0	1
1068	3	1	11	0	1
1069	3	1	11	0	1
1070	3	1	11	0	1
1071	3	1	11	0	1
1072	3	1	11	0	1
1073	3	1	11	0	1
1074	4	1	11	0	1
1075	4	1	11	0	1
1076	4	1	11	0	1
1077	4	1	11	0	1
1078	4	1	11	0	1
1079	4	1	11	0	1
1080	4	1	11	0	1
1081	4	1	11	0	1
1082	4	1	11	0	1
1083	4	1	11	0	1
1084	4	1	11	0	1
1085	4	1	11	0	1
1086	4	1	11	0	1
1087	4	1	11	0	1
1088	5	2	12	0	1
1089	5	2	12	0	1
1090	5	2	12	0	1
1091	4	1	12	0	1
1092	5	2	12	0	1
1093	5	2	12	0	1
1094	5	2	12	0	1
1095	5	2	12	0	1
1096	4	1	12	0	1
1097	4	1	12	0	1
1098	4	1	12	0	1
1099	4	1	12	0	1
1100	4	1	12	0	1
1101	4	1	12	0	1
1102	4	1	12	0	1
1103	4	1	12	0	1
1104	5	2	12	0	1
1105	5	2	12	0	1
1106	5	2	12	0	1
1107	5	2	12	0	1
1108	5	2	12	0	1
1109	5	2	12	0	1
1110	5	2	12	0	1
1111	5	2	12	0	1
1112	5	2	12	0	1
1113	5	2	12	0	1
1114	5	2	12	0	1
1115	5	2	12	0	1
1116	5	2	12	0	1
1117	5	2	12	0	1
1118	5	2	12	0	1
1119	5	2	12	0	1
1120	5	2	12	0	1
1121	5	2	12	0	1
1122	5	2	12	0	1
1123	5	2	12	0	1
1124	5	2	12	0	1
1125	5	2	12	0	1
1126	5	2	12	0	1
1127	4	1	12	0	1
1128	4	1	12	0	1
1129	3	1	12	0	1
1130	3	1	12	0	1
1131	4	1	12	0	1
1132	4	1	12	0	1
1133	4	1	12	0	1
1134	4	1	12	0	1
1135	4	1	12	0	1
1136	4	1	12	0	1
1137	4	1	12	0	1
1138	4	1	12	0	1
1139	4	1	12	0	1
1140	4	1	12	0	1
1141	4	1	12	0	1
1142	4	1	12	0	1
1143	4	1	12	0	1
1144	4	1	12	0	1
1145	4	1	12	0	1
1146	4	1	12	0	1
1147	4	1	12	0	1
1148	4	1	12	0	1
1149	4	1	12	0	1
1150	4	1	12	0	1
1151	4	1	12	0	1
1152	4	1	12	0	1
1153	3	1	12	0	1
1154	3	1	12	0	1
1155	4	1	12	0	1
1156	4	1	12	0	1
1157	3	1	12	0	1
1158	3	1	12	0	1
1159	4	1	12	0	1
1160	3	1	12	0	1
1161	3	1	12	0	1
1162	3	1	12	0	1
1163	4	1	12	0	1
1164	4	1	12	0	1
1165	3	1	12	0	1
1166	4	1	12	0	1
1167	3	1	12	0	1
1168	3	1	12	0	1
1169	3	1	12	0	1
1170	3	1	12	0	1
1171	3	1	12	0	1
1172	3	1	12	0	1
1173	3	1	12	0	1
1174	2	1	12	0	1
1175	2	1	12	0	1
1176	2	1	12	0	1
1177	3	1	12	0	1
1178	3	1	12	0	1
1179	3	1	12	0	1
1180	3	1	12	0	1
1181	3	1	12	0	1
1182	3	1	12	0	1
1183	3	1	12	0	1
1184	3	1	12	0	1
1185	4	1	12	0	1
1186	3	1	12	0	1
1187	4	1	12	0	1
1188	4	1	12	0	1
1189	3	1	12	0	1
1190	4	1	12	0	1
1191	4	1	12	0	1
1192	4	1	12	0	1
1193	4	1	12	0	1
1194	4	1	12	0	1
1195	4	1	12	0	1
1196	4	1	12	0	1
1197	4	1	12	0	1
1198	4	1	12	0	1
1199	4	1	12	0	1
1200	4	1	12	0	1
1201	4	1	12	0	1
1202	4	1	12	0	1
1203	4	1	12	0	1
1204	4	1	12	0	1
1205	4	1	12	0	1
1206	4	1	12	0	1
1207	3	1	12	0	1
1208	4	1	12	0	1
1209	4	1	12	0	1
1210	4	1	12	0	1
1211	4	1	12	0	1
1212	4	1	12	0	1
1213	4	1	12	0	1
1214	4	1	12	0	1
1215	4	1	12	0	1
1216	4	1	12	0	1
1217	4	1	12	0	1
1218	4	1	12	0	1
1219	4	1	12	0	1
1220	4	1	12	0	1
1221	4	1	12	0	1
1222	4	1	12	0	1
1223	4	1	12	0	1
1224	4	1	12	0	1
1225	4	1	12	0	1
1226	4	1	12	0	1
1227	4	1	12	0	1
1228	2	1	12	0	1
1229	2	1	12	0	1
1230	2	1	12	0	1
1231	2	1	12	0	1
1232	3	1	12	0	1
1233	3	1	12	0	1
1234	3	1	12	0	1
1235	3	1	12	0	1
1236	3	1	12	0	1
1237	3	1	12	0	1
1238	3	1	12	0	1
1239	3	1	12	0	1
1240	3	1	12	0	1
1241	4	1	12	0	1
1242	4	1	12	0	1
1243	4	1	12	0	1
1244	4	1	12	0	1
1245	4	1	12	0	1
1246	4	1	12	0	1
1247	4	1	12	0	1
1248	4	1	12	0	1
1249	4	1	12	0	1
1250	4	1	12	0	1
1251	3	1	12	0	1
1252	3	1	12	0	1
1253	3	1	12	0	1
1254	3	1	12	0	1
1255	3	1	12	0	1
1256	3	1	12	0	1
1257	3	1	12	0	1
1258	3	1	12	0	1
1259	3	1	12	0	1
1260	3	1	12	0	1
1261	3	1	12	0	1
1262	3	1	12	0	1
1263	2	1	12	0	1
1264	3	1	12	0	1
1265	2	1	12	0	1
1266	3	1	12	0	1
1267	3	1	12	0	1
1268	3	1	12	0	1
1269	3	1	12	0	1
1270	3	1	12	0	1
1271	3	1	12	0	1
1272	3	1	12	0	1
1273	3	1	12	0	1
1274	3	1	12	0	1
1275	3	1	12	0	1
1276	3	1	12	0	1
1277	3	1	12	0	1
1278	3	1	12	0	1
1279	3	1	12	0	1
1280	3	1	12	0	1
1281	3	1	12	0	1
1282	3	1	12	0	1
1283	3	1	12	0	1
1284	3	1	12	0	1
1285	3	1	12	0	1
1286	3	1	12	0	1
1287	3	1	12	0	1
1288	3	1	12	0	1
1289	3	1	12	0	1
1290	3	1	12	0	1
1291	3	1	12	0	1
1292	3	1	12	0	1
1293	3	1	12	0	1
1294	3	1	12	0	1
1295	3	1	12	0	1
1296	3	1	12	0	1
1297	3	1	12	0	1
1298	3	1	12	0	1
1299	3	1	12	0	1
1300	3	1	12	0	1
1301	3	1	12	0	1
1302	3	1	12	0	1
1303	3	1	12	0	1
1304	3	1	12	0	1
1305	3	1	12	0	1
1306	3	1	12	0	1
1307	3	1	12	0	1
1308	3	1	12	0	1
1309	3	1	12	0	1
1310	3	1	12	0	1
1311	3	1	12	0	1
1312	3	1	12	0	1
1313	3	1	12	0	1
1314	3	1	12	0	1
1315	3	1	12	0	1
1316	3	1	12	0	1
1317	3	1	12	0	1
1318	3	1	12	0	1
1319	3	1	12	0	1
1320	3	1	12	0	1
1321	3	1	12	0	1
1322	3	1	12	0	1
1323	3	1	12	0	1
1324	3	1	12	0	1
1325	3	1	12	0	1
1326	3	1	12	0	1
1327	3	1	12	0	1
1328	3	1	12	0	1
1329	3	1	12	0	1
1330	3	1	12	0	1
1331	3	1	12	0	1
1332	3	1	12	0	1
1333	3	1	12	0	1
1334	3	1	12	0	1
1335	3	1	12	0	1
1336	3	1	12	0	1
1337	3	1	12	0	1
1338	3	1	12	0	1
1339	3	1	12	0	1
1340	3	1	12	0	1
1341	3	1	12	0	1
1342	3	1	12	0	1
1343	3	1	12	0	1
1344	3	1	12	0	1
1345	3	1	12	0	1
1346	3	1	12	0	1
1347	3	1	12	0	1
1348	3	1	12	0	1
1349	3	1	12	0	1
1350	3	1	12	0	1
1351	3	1	12	0	1
1352	3	1	12	0	1
1353	3	1	12	0	1
1354	3	1	12	0	1
1355	3	1	12	0	1
1356	3	1	12	0	1
1357	3	1	12	0	1
1358	3	1	12	0	1
1359	3	1	12	0	1
1360	3	1	12	0	1
1361	3	1	12	0	1
1362	3	1	12	0	1
1363	3	1	12	0	1
1364	3	1	12	0	1
1365	3	1	12	0	1
1366	3	1	12	0	1
1367	3	1	12	0	1
1368	3	1	12	0	1
1369	3	1	12	0	1
1370	3	1	12	0	1
1371	3	1	12	0	1
1372	3	1	12	0	1
1373	3	1	12	0	1
1374	3	1	12	0	1
1375	3	1	12	0	1
1376	3	1	12	0	1
1377	3	1	12	0	1
1378	3	1	12	0	1
1379	3	1	12	0	1
1380	3	1	12	0	1
1381	3	1	12	0	1
1382	3	1	12	0	1
1383	3	1	12	0	1
1384	3	1	12	0	1
1385	3	1	12	0	1
1386	3	1	12	0	1
1387	3	1	12	0	1
1388	3	1	12	0	1
1389	3	1	12	0	1
1390	3	1	12	0	1
1391	3	1	12	0	1
1392	3	1	12	0	1
1393	3	1	12	0	1
1394	3	1	12	0	1
1395	3	1	12	0	1
1396	3	1	12	0	1
1397	3	1	12	0	1
1398	3	1	12	0	1
1399	3	1	12	0	1
1400	3	1	12	0	1
1401	3	1	12	0	1
1402	3	1	12	0	1
1403	3	1	12	0	1
1404	3	1	12	0	1
1405	3	1	12	0	1
1406	3	1	12	0	1
1407	3	1	12	0	1
1408	3	1	12	0	1
1409	3	1	12	0	1
1410	3	1	12	0	1
1411	3	1	12	0	1
1412	3	1	12	0	1
1413	4	2	13	0	1
1414	3	1	13	0	1
1415	3	1	13	0	1
1416	3	1	13	0	1
1417	3	1	13	0	1
1418	3	1	13	0	1
1419	3	1	13	0	1
1420	3	1	13	0	1
1421	3	1	13	0	1
1422	3	1	13	0	1
1423	3	1	13	0	1
1424	3	1	13	0	1
1425	3	1	13	0	1
1426	3	1	13	0	1
1427	3	1	13	0	1
1428	3	1	13	0	1
1429	3	1	13	0	1
1430	3	1	13	0	1
1431	3	1	13	0	1
1432	3	1	13	0	1
1433	3	1	13	0	1
1434	2	0	13	0	1
1435	3	1	13	0	1
1436	3	1	13	0	1
1437	3	1	13	0	1
1438	3	1	13	0	1
1439	3	1	13	0	1
1440	3	1	13	0	1
1441	3	1	13	0	1
1442	3	1	13	0	1
1443	3	1	13	0	1
1444	3	1	13	0	1
1445	3	1	13	0	1
1446	3	1	13	0	1
1447	3	1	13	0	1
1448	2	0	13	0	1
1449	2	0	13	0	1
1450	2	0	13	0	1
1451	3	1	13	0	1
1452	3	1	13	0	1
1453	3	1	13	0	1
1454	3	1	13	0	1
1455	3	1	13	0	1
1456	2	0	13	0	1
1457	2	0	13	0	1
1458	2	0	13	0	1
1459	2	0	13	0	1
1460	2	0	13	0	1
1461	2	0	13	0	1
1462	2	0	13	0	1
1463	2	0	13	0	1
1464	2	0	13	0	1
1465	2	0	13	0	1
1466	2	0	13	0	1
1467	2	0	13	0	1
1468	2	0	13	0	1
1469	3	1	13	0	1
1470	3	1	13	0	1
1471	3	1	13	0	1
1472	3	1	13	0	1
1473	3	1	13	0	1
1474	3	1	13	0	1
1475	3	1	13	0	1
1476	3	1	13	0	1
1477	3	1	13	0	1
1478	3	1	13	0	1
1479	3	1	13	0	1
1480	3	1	13	0	1
1481	3	1	13	0	1
1482	3	1	13	0	1
1483	3	1	13	0	1
1484	3	1	13	0	1
1485	3	1	13	0	1
1486	3	1	13	0	1
1487	2	0	13	0	1
1488	2	0	13	0	1
1489	2	0	13	0	1
1490	2	0	13	0	1
1491	2	0	13	0	1
1492	2	0	13	0	1
1493	2	0	13	0	1
1494	2	0	13	0	1
1495	2	0	13	0	1
1496	2	0	13	0	1
1497	2	0	13	0	1
1498	2	0	13	0	1
1499	2	0	13	0	1
1500	2	0	13	0	1
1501	2	0	13	0	1
1502	2	0	13	0	1
1503	2	0	13	0	1
1504	2	0	13	0	1
1505	2	0	13	0	1
1506	2	0	13	0	1
1507	2	0	13	0	1
1508	2	0	13	0	1
1509	2	0	13	0	1
1510	2	0	13	0	1
1511	2	0	13	0	1
1512	2	0	13	0	1
1513	2	0	13	0	1
1514	3	1	14	0	1
1515	3	1	14	0	1
1516	3	1	14	0	1
1517	3	1	14	0	1
1518	3	1	14	0	1
1519	3	1	14	0	1
1520	3	1	14	0	1
1521	2	0	14	0	1
1522	3	1	14	0	1
1523	3	1	14	0	1
1524	2	0	14	0	1
1525	2	0	14	0	1
1526	2	0	14	0	1
1527	2	0	14	0	1
1528	2	0	14	0	1
1529	2	0	14	0	1
1530	1	0	14	0	1
1531	1	0	14	0	1
1532	1	0	14	0	1
1533	2	0	14	0	1
1534	2	0	14	0	1
1535	1	0	14	0	1
1536	1	0	14	0	1
1537	1	0	14	0	1
1538	1	0	14	0	1
1539	1	0	14	0	1
1540	1	0	14	0	1
1541	1	0	14	0	1
1542	1	0	14	0	1
1543	1	0	14	0	1
1544	1	0	14	0	1
1545	1	0	14	0	1
1546	1	0	14	0	1
1547	1	0	14	0	1
1548	1	0	14	0	1
1549	1	0	14	0	1
1550	1	0	14	0	1
1551	2	0	14	0	1
1552	1	0	14	0	1
1553	1	0	14	0	1
1554	1	0	14	0	1
1555	2	1	14	0	1
1556	2	1	14	0	1
1557	2	1	14	0	1
1558	2	1	14	0	1
1559	2	1	14	0	1
1560	2	1	14	0	1
1561	2	1	14	0	1
1562	1	0	14	0	1
1563	1	0	14	0	1
1564	2	1	15	0	1
1565	1	0	15	0	1
1566	1	0	15	0	1
1567	1	0	15	0	1
1568	1	0	15	0	1
1569	1	0	15	0	1
1570	1	0	15	0	1
1571	1	0	15	0	1
1572	1	0	15	0	1
1573	2	1	16	0	1
1574	2	1	16	0	1
1575	2	1	16	0	1
1576	2	1	16	0	1
1577	2	1	16	0	1
1578	2	1	16	0	1
1579	2	1	16	0	1
1580	2	1	16	0	1
1581	3	1	16	0	1
1582	3	1	16	0	1
1583	3	1	16	0	1
1584	3	1	16	0	1
1585	3	1	16	0	1
1586	3	1	16	0	1
1587	3	1	16	0	1
1588	3	1	16	0	1
1589	3	1	16	0	1
1590	4	2	16	0	1
1591	4	2	16	0	1
1592	4	2	16	0	1
1593	4	2	16	0	1
1594	4	2	16	0	1
1595	4	2	16	0	1
1596	4	2	16	0	1
1597	4	2	16	0	1
1598	4	2	16	0	1
1599	4	2	16	0	1
1600	4	2	16	0	1
1601	4	2	16	0	1
1602	4	2	16	0	1
1603	4	2	16	0	1
1604	4	2	16	0	1
1605	4	2	16	0	1
1606	3	1	16	0	1
1607	3	1	16	0	1
1608	3	1	16	0	1
1609	4	1	16	0	1
1610	4	1	16	0	1
1611	4	1	16	0	1
1612	3	0	16	0	1
1613	3	0	16	0	1
1614	3	0	16	0	1
1615	3	0	16	0	1
1616	3	0	16	0	1
1617	3	0	16	0	1
1618	4	1	17	0	1
1619	4	1	17	0	1
1620	4	1	17	0	1
1621	4	1	17	0	1
1622	4	1	17	0	1
1623	4	1	17	0	1
1624	4	1	17	0	1
1625	4	1	17	0	1
1626	4	1	17	0	1
1627	3	1	17	0	1
1628	4	1	17	0	1
1629	3	1	17	0	1
1630	3	1	17	0	1
1631	4	1	17	0	1
1632	3	1	17	0	1
1633	3	1	17	0	1
1634	3	1	17	0	1
1635	3	1	17	0	1
1636	3	1	17	0	1
1637	3	1	17	0	1
1638	3	1	17	0	1
1639	3	1	17	0	1
1640	3	1	17	0	1
1641	3	1	17	0	1
1642	3	1	17	0	1
1643	3	1	17	0	1
1644	3	1	17	0	1
1645	3	1	17	0	1
1646	3	1	17	0	1
1647	3	1	17	0	1
1648	3	1	17	0	1
1649	3	1	17	0	1
1650	3	1	17	0	1
1651	3	1	17	0	1
1652	3	1	17	0	1
1653	3	1	17	0	1
1654	3	1	17	0	1
1655	3	1	17	0	1
1656	3	1	17	0	1
1657	3	1	17	0	1
1658	3	1	17	0	1
1659	3	1	17	0	1
1660	4	1	17	0	1
1661	4	1	17	0	1
1662	4	1	17	0	1
1663	4	1	17	0	1
1664	4	1	17	0	1
1665	4	1	17	0	1
1666	3	1	17	0	1
1667	4	1	17	0	1
1668	4	1	17	0	1
1669	3	1	17	0	1
1670	3	1	17	0	1
1671	4	1	17	0	1
1672	4	1	17	0	1
1673	4	1	17	0	1
1674	4	1	17	0	1
1675	4	1	17	0	1
1676	4	1	17	0	1
1677	3	1	17	0	1
1678	4	1	17	0	1
1679	4	1	17	0	1
1680	3	1	17	0	1
1681	4	1	17	0	1
1682	4	1	17	0	1
1683	4	1	17	0	1
1684	4	1	17	0	1
1685	4	1	17	0	1
1686	4	1	17	0	1
1687	4	1	17	0	1
1688	4	1	17	0	1
1689	4	1	17	0	1
1690	4	1	17	0	1
1691	4	1	17	0	1
1692	4	1	17	0	1
1693	4	1	17	0	1
1694	4	1	17	0	1
1695	5	2	18	0	1
1696	5	2	18	0	1
1697	5	2	18	0	1
1698	5	2	18	0	1
1699	5	2	18	0	1
1700	5	2	18	0	1
1701	4	1	18	0	1
1702	3	0	18	0	1
1703	4	1	18	0	1
1704	4	1	18	0	1
1705	4	1	18	0	1
1706	4	1	18	0	1
1707	4	1	18	0	1
1708	4	1	18	0	1
1709	4	1	18	0	1
1710	4	1	18	0	1
1711	4	1	18	0	1
1712	4	1	18	0	1
1713	4	1	18	0	1
1714	4	1	18	0	1
1715	4	1	18	0	1
1716	4	1	18	0	1
1717	4	1	18	0	1
1718	4	1	18	0	1
1719	4	1	18	0	1
1720	4	1	18	0	1
1721	3	0	18	0	1
1722	3	0	18	0	1
1723	4	1	18	0	1
1724	4	1	18	0	1
1725	4	1	18	0	1
1726	4	1	18	0	1
1727	4	1	18	0	1
1728	4	1	18	0	1
1729	4	1	18	0	1
1730	4	1	18	0	1
1731	4	1	18	0	1
1732	5	2	19	0	1
1733	4	1	19	0	1
1734	4	1	19	0	1
1735	4	1	19	0	1
1736	4	1	19	0	1
1737	4	1	19	0	1
1738	4	1	19	0	1
1739	4	1	19	0	1
1740	4	1	19	0	1
1741	4	1	19	0	1
1742	4	1	19	0	1
1743	4	1	19	0	1
1744	4	1	19	0	1
1745	4	1	19	0	1
1746	4	1	19	0	1
1747	4	1	19	0	1
1748	4	1	19	0	1
1749	4	1	19	0	1
1750	4	1	19	0	1
1751	3	1	19	0	1
1752	3	1	19	0	1
1753	3	1	19	0	1
1754	2	0	19	0	1
1755	2	0	19	0	1
1756	2	0	19	0	1
1757	2	0	19	0	1
1758	2	0	19	0	1
1759	2	0	19	0	1
1760	3	1	19	0	1
1761	2	0	19	0	1
1762	3	1	19	0	1
1763	2	0	19	0	1
1764	2	0	19	0	1
1765	2	0	19	0	1
1766	2	0	19	0	1
1767	2	0	19	0	1
1768	2	0	19	0	1
1769	2	0	19	0	1
1770	2	0	19	0	1
1771	2	0	19	0	1
1772	2	0	19	0	1
1773	2	0	19	0	1
1774	2	0	19	0	1
1775	2	0	19	0	1
1776	2	0	19	0	1
1777	2	0	19	0	1
1778	2	0	19	0	1
1779	2	0	19	0	1
1780	2	0	19	0	1
1781	2	0	19	0	1
1782	2	0	19	0	1
1783	2	0	19	0	1
1784	2	0	19	0	1
1785	2	0	19	0	1
1786	2	0	19	0	1
1787	2	0	19	0	1
1788	2	0	19	0	1
1789	2	0	19	0	1
1790	2	0	19	0	1
1791	2	0	19	0	1
1792	2	0	19	0	1
1793	3	0	19	0	1
1794	2	0	19	0	1
1795	2	0	19	0	1
1796	2	0	19	0	1
1797	2	0	19	0	1
1798	2	0	19	0	1
1799	2	0	19	0	1
1800	2	0	19	0	1
1801	2	0	19	0	1
1802	2	0	19	0	1
1803	3	0	19	0	1
1804	3	0	19	0	1
1805	3	0	19	0	1
1806	3	0	19	0	1
1807	3	0	19	0	1
1808	3	0	19	0	1
1809	3	0	19	0	1
1810	3	0	19	0	1
1811	3	0	19	0	1
1812	3	0	19	0	1
1813	3	0	19	0	1
1814	3	0	19	0	1
1815	3	0	19	0	1
1816	3	0	19	0	1
1817	3	0	19	0	1
1818	3	0	19	0	1
1819	3	0	19	0	1
1820	3	0	19	0	1
1821	3	0	19	0	1
1822	3	0	19	0	1
1823	3	0	19	0	1
1824	3	0	19	0	1
1825	2	0	19	0	1
1826	2	0	19	0	1
1827	2	0	19	0	1
1828	2	0	19	0	1
1829	2	0	19	0	1
1830	2	0	19	0	1
1831	2	0	19	0	1
1832	2	0	19	0	1
1833	2	0	19	0	1
1834	2	0	19	0	1
1835	2	0	19	0	1
1836	2	0	19	0	1
1837	2	0	19	0	1
1838	2	0	19	0	1
1839	2	0	19	0	1
1840	2	0	19	0	1
1841	2	0	19	0	1
1842	2	0	19	0	1
1843	2	0	19	0	1
1844	2	0	19	0	1
1845	2	0	19	0	1
1846	2	0	19	0	1
1847	2	0	19	0	1
1848	2	0	19	0	1
1849	2	0	19	0	1
1850	2	0	19	0	1
1851	2	0	19	0	1
1852	2	0	19	0	1
1853	2	0	19	0	1
1854	2	0	19	0	1
1855	2	0	19	0	1
1856	2	0	19	0	1
1857	2	0	19	0	1
1858	2	0	19	0	1
1859	2	0	19	0	1
1860	2	0	19	0	1
1861	2	0	19	0	1
1862	2	0	19	0	1
1863	2	0	19	0	1
1864	2	0	19	0	1
1865	2	0	19	0	1
1866	2	0	19	0	1
1867	2	0	19	0	1
1868	2	0	19	0	1
1869	1	0	19	0	1
1870	1	0	19	0	1
1871	1	0	19	0	1
1872	1	0	19	0	1
1873	1	0	19	0	1
1874	1	0	19	0	1
1875	1	0	19	0	1
1876	2	0	19	0	1
1877	2	0	19	0	1
1878	2	0	19	0	1
1879	2	0	19	0	1
1880	2	0	19	0	1
1881	1	0	19	0	1
1882	1	0	19	0	1
1883	1	0	19	0	1
1884	1	0	19	0	1
1885	1	0	19	0	1
1886	1	0	19	0	1
1887	1	0	19	0	1
1888	1	0	19	0	1
1889	1	0	19	0	1
1890	1	0	19	0	1
1891	1	0	19	0	1
1892	1	0	19	0	1
1893	1	0	19	0	1
1894	1	0	19	0	1
1895	1	0	19	0	1
1896	1	0	19	0	1
1897	2	0	19	0	1
1898	2	0	19	0	1
1899	2	0	19	0	1
1900	2	0	19	0	1
1901	2	0	19	0	1
1902	2	0	19	0	1
1903	2	0	19	0	1
1904	2	0	19	0	1
1905	2	0	19	0	1
1906	2	0	19	0	1
1907	2	0	19	0	1
1908	2	0	19	0	1
1909	2	0	19	0	1
1910	3	1	20	0	1
1911	3	1	20	0	1
1912	3	1	20	0	1
1913	3	1	20	0	1
1914	2	0	20	0	1
1915	3	1	20	0	1
1916	3	1	20	0	1
1917	3	1	20	0	1
1918	3	1	20	0	1
1919	3	1	20	0	1
1920	3	1	20	0	1
1921	3	1	20	0	1
1922	3	1	20	0	1
1923	3	1	20	0	1
1924	3	1	20	0	1
1925	3	1	20	0	1
1926	3	1	20	0	1
1927	3	1	20	0	1
1928	3	1	20	0	1
1929	3	1	20	0	1
1930	3	1	20	0	1
1931	3	1	20	0	1
1932	3	1	20	0	1
1933	3	1	20	0	1
1934	3	1	20	0	1
1935	3	1	20	0	1
1936	3	1	20	0	1
1937	3	1	20	0	1
1938	3	1	20	0	1
1939	3	1	20	0	1
1940	3	1	20	0	1
1941	2	0	20	0	1
1942	3	1	20	0	1
1943	2	0	20	0	1
1944	2	0	20	0	1
1945	2	0	20	0	1
1946	2	0	20	0	1
1947	2	0	20	0	1
1948	2	0	20	0	1
1949	2	0	20	0	1
1950	2	0	20	0	1
1951	2	0	20	0	1
1952	2	0	20	0	1
1953	2	0	20	0	1
1954	2	0	20	0	1
1955	2	0	20	0	1
1956	2	0	20	0	1
1957	2	0	20	0	1
1958	2	0	20	0	1
1959	2	0	20	0	1
1960	2	0	20	0	1
1961	2	0	20	0	1
1962	2	0	20	0	1
1963	2	0	20	0	1
1964	2	0	20	0	1
1965	2	0	20	0	1
1966	2	0	20	0	1
1967	2	0	20	0	1
1968	2	0	20	0	1
1969	2	0	20	0	1
1970	2	0	20	0	1
1971	2	0	20	0	1
1972	2	0	20	0	1
1973	2	0	20	0	1
1974	2	0	20	0	1
1975	2	0	20	0	1
1976	2	0	20	0	1
1977	2	0	20	0	1
1978	2	0	20	0	1
1979	2	0	20	0	1
1980	2	0	20	0	1
1981	2	0	20	0	1
1982	2	0	20	0	1
1983	2	0	20	0	1
1984	2	0	20	0	1
1985	2	0	20	0	1
1986	2	0	20	0	1
1987	2	0	20	0	1
1988	2	0	20	0	1
1989	2	0	20	0	1
1990	2	0	20	0	1
1991	2	0	20	0	1
1992	2	0	20	0	1
1993	2	0	20	0	1
1994	2	0	20	0	1
1995	2	0	20	0	1
1996	2	0	20	0	1
1997	2	0	20	0	1
1998	2	0	20	0	1
1999	2	0	20	0	1
2000	2	0	20	0	1
2001	2	0	20	0	1
2002	2	0	20	0	1
2003	2	0	20	0	1
2004	2	0	20	0	1
2005	2	0	20	0	1
2006	2	0	20	0	1
2007	2	0	20	0	1
2008	2	0	20	0	1
2009	2	0	20	0	1
2010	2	0	20	0	1
2011	2	0	20	0	1
2012	2	0	20	0	1
2013	2	0	20	0	1
2014	3	0	20	0	1
2015	3	0	20	0	1
2016	3	0	20	0	1
2017	3	0	20	0	1
2018	2	0	20	0	1
2019	1	0	20	0	1
2020	2	0	20	0	1
2021	2	0	20	0	1
2022	3	0	20	0	1
2023	3	0	20	0	1
2024	3	0	20	0	1
2025	3	0	20	0	1
2026	3	0	20	0	1
2027	3	0	20	0	1
2028	3	0	20	0	1
2029	2	0	20	0	1
2030	1	0	20	0	1
2031	2	0	20	0	1
2032	2	0	20	0	1
2033	3	0	20	0	1
2034	3	0	20	0	1
2035	3	0	20	0	1
2036	3	0	20	0	1
2037	3	0	20	0	1
2038	3	0	20	0	1
2039	3	0	20	0	1
2040	3	0	20	0	1
2041	3	0	20	0	1
2042	3	0	20	0	1
2043	3	0	20	0	1
2044	3	0	20	0	1
2045	3	0	20	0	1
2046	3	0	20	0	1
2047	2	0	20	0	1
2048	3	0	20	0	1
2049	3	0	20	0	1
2050	3	0	20	0	1
2051	3	0	20	0	1
2052	3	0	20	0	1
2053	3	0	20	0	1
2054	3	0	20	0	1
2055	3	0	20	0	1
2056	3	0	20	0	1
2057	3	0	20	0	1
2058	3	0	20	0	1
2059	3	0	20	0	1
2060	3	0	20	0	1
2061	3	0	20	0	1
2062	3	0	20	0	1
2063	3	0	20	0	1
2064	3	0	20	0	1
2065	3	0	20	0	1
2066	3	0	20	0	1
2067	3	0	20	0	1
2068	3	0	20	0	1
2069	3	0	20	0	1
2070	3	0	20	0	1
2071	3	0	20	0	1
2072	3	0	20	0	1
2073	3	0	20	0	1
2074	3	0	20	0	1
2075	3	0	20	0	1
2076	3	0	20	0	1
2077	3	0	20	0	1
2078	3	0	20	0	1
2079	3	0	20	0	1
2080	3	0	20	0	1
2081	3	0	20	0	1
2082	3	0	20	0	1
2083	3	0	20	0	1
2084	3	0	20	0	1
2085	3	0	20	0	1
2086	3	0	20	0	1
2087	3	0	20	0	1
2088	3	0	20	0	1
2089	3	0	20	0	1
2090	3	0	20	0	1
2091	3	0	20	0	1
2092	3	0	20	0	1
2093	3	0	20	0	1
2094	3	0	20	0	1
2095	3	0	20	0	1
2096	3	0	20	0	1
2097	3	0	20	0	1
2098	3	0	20	0	1
2099	3	0	20	0	1
2100	3	0	20	0	1
2101	3	0	20	0	1
2102	3	0	20	0	1
2103	3	0	20	0	1
2104	3	0	20	0	1
2105	3	0	20	0	1
2106	3	0	20	0	1
2107	3	0	20	0	1
2108	3	0	20	0	1
2109	3	0	20	0	1
2110	3	0	20	0	1
2111	3	0	20	0	1
2112	3	0	20	0	1
2113	3	0	20	0	1
2114	3	0	20	0	1
2115	3	0	20	0	1
2116	2	0	20	0	1
2117	2	0	20	0	1
2118	2	0	20	0	1
2119	2	0	20	0	1
2120	2	0	20	0	1
2121	2	0	20	0	1
2122	2	0	20	0	1
2123	2	0	20	0	1
2124	2	0	20	0	1
2125	2	0	20	0	1
2126	2	0	20	0	1
2127	2	0	20	0	1
2128	2	0	20	0	1
2129	2	0	20	0	1
2130	2	0	20	0	1
2131	2	0	20	0	1
2132	2	0	20	0	1
2133	2	0	20	0	1
2134	2	0	20	0	1
2135	3	0	20	0	1
2136	3	0	20	0	1
2137	3	0	20	0	1
2138	3	0	20	0	1
2139	3	0	20	0	1
2140	3	0	20	0	1
2141	3	0	20	0	1
2142	3	0	20	0	1
2143	3	0	20	0	1
2144	3	0	20	0	1
2145	3	0	20	0	1
2146	2	0	20	0	1
2147	2	0	20	0	1
2148	2	0	20	0	1
2149	2	0	20	0	1
2150	3	0	20	0	1
2151	3	0	20	0	1
2152	3	0	20	0	1
2153	3	0	20	0	1
2154	2	0	20	0	1
2155	2	0	20	0	1
2156	2	0	20	0	1
2157	2	0	20	0	1
2158	2	0	20	0	1
2159	2	0	20	0	1
2160	2	0	20	0	1
2161	3	0	20	0	1
2162	3	0	20	0	1
2163	3	0	20	0	1
2164	3	0	20	0	1
2165	3	0	20	0	1
2166	3	0	20	0	1
2167	3	0	20	0	1
2168	3	0	20	0	1
2169	3	0	20	0	1
2170	3	0	20	0	1
2171	3	0	20	0	1
2172	3	0	20	0	1
2173	3	0	20	0	1
2174	3	0	20	0	1
2175	3	0	20	0	1
2176	3	0	20	0	1
2177	3	0	20	0	1
2178	3	0	20	0	1
2179	3	0	20	0	1
2180	3	0	20	0	1
2181	3	0	20	0	1
2182	3	0	20	0	1
2183	3	0	20	0	1
2184	3	0	20	0	1
2185	3	0	20	0	1
2186	3	0	20	0	1
2187	3	0	20	0	1
2188	3	0	20	0	1
2189	3	0	20	0	1
2190	3	0	20	0	1
2191	3	0	20	0	1
2192	3	0	20	0	1
2193	3	0	20	0	1
2194	3	0	20	0	1
2195	3	0	20	0	1
2196	3	0	20	0	1
2197	3	0	20	0	1
2198	3	0	20	0	1
2199	3	0	20	0	1
2200	3	0	20	0	1
2201	3	0	20	0	1
2202	3	0	20	0	1
2203	3	0	20	0	1
2204	3	0	20	0	1
2205	3	0	20	0	1
2206	3	0	20	0	1
2207	3	0	20	0	1
2208	3	0	20	0	1
2209	3	0	20	0	1
2210	3	0	20	0	1
2211	3	0	20	0	1
2212	3	0	20	0	1
2213	3	0	20	0	1
2214	4	1	21	0	1
2215	4	1	21	0	1
2216	4	1	21	0	1
2217	4	1	21	0	1
2218	3	0	21	0	1
2219	3	0	21	0	1
2220	4	1	21	0	1
2221	4	1	21	0	1
2222	4	1	21	0	1
2223	4	1	21	0	1
2224	3	0	21	0	1
2225	4	1	21	0	1
2226	4	1	21	0	1
2227	4	1	21	0	1
2228	4	1	21	0	1
2229	4	1	21	0	1
2230	4	1	21	0	1
2231	4	1	21	0	1
2232	4	1	21	0	1
2233	4	1	21	0	1
2234	4	1	21	0	1
2235	4	1	21	0	1
2236	4	1	21	0	1
2237	3	1	21	0	1
2238	3	1	21	0	1
2239	3	1	21	0	1
2240	3	1	21	0	1
2241	3	1	21	0	1
2242	4	1	21	0	1
2243	4	1	21	0	1
2244	4	1	21	0	1
2245	3	1	21	0	1
2246	3	1	21	0	1
2247	3	1	21	0	1
2248	3	1	21	0	1
2249	3	1	21	0	1
2250	3	1	21	0	1
2251	3	1	21	0	1
2252	3	1	21	0	1
2253	3	1	21	0	1
2254	3	1	21	0	1
2255	3	1	21	0	1
2256	3	1	21	0	1
2257	3	1	21	0	1
2258	3	1	21	0	1
2259	3	1	21	0	1
2260	3	1	21	0	1
2261	3	1	21	0	1
2262	3	1	21	0	1
2263	3	1	21	0	1
2264	3	1	21	0	1
2265	3	1	21	0	1
2266	3	1	21	0	1
2267	3	1	21	0	1
2268	3	1	21	0	1
2269	3	1	21	0	1
2270	3	1	21	0	1
2271	3	1	21	0	1
2272	3	1	21	0	1
2273	3	1	21	0	1
2274	3	1	21	0	1
2275	3	1	21	0	1
2276	3	1	21	0	1
2277	3	1	21	0	1
2278	3	1	21	0	1
2279	3	1	21	0	1
2280	3	1	21	0	1
2281	3	1	21	0	1
2282	3	1	21	0	1
2283	3	1	21	0	1
2284	3	1	21	0	1
2285	3	1	21	0	1
2286	3	1	21	0	1
2287	3	1	21	0	1
2288	3	1	21	0	1
2289	4	1	21	0	1
2290	4	1	21	0	1
2291	4	1	21	0	1
2292	3	1	21	0	1
2293	3	1	21	0	1
2294	3	1	21	0	1
2295	3	1	21	0	1
2296	4	1	21	0	1
2297	4	1	21	0	1
2298	4	1	21	0	1
2299	4	1	21	0	1
2300	4	1	21	0	1
2301	4	1	21	0	1
2302	3	1	21	0	1
2303	3	1	21	0	1
2304	4	1	21	0	1
2305	4	1	21	0	1
2306	4	1	21	0	1
2307	3	1	21	0	1
2308	4	1	21	0	1
2309	3	1	21	0	1
2310	3	1	21	0	1
2311	3	1	21	0	1
2312	3	1	21	0	1
2313	3	1	21	0	1
2314	3	1	21	0	1
2315	3	1	21	0	1
2316	3	1	21	0	1
2317	3	1	21	0	1
2318	3	1	21	0	1
2319	3	1	21	0	1
2320	3	1	21	0	1
2321	3	1	21	0	1
2322	3	1	21	0	1
2323	3	1	21	0	1
2324	3	1	21	0	1
2325	3	1	21	0	1
2326	3	1	21	0	1
2327	3	1	21	0	1
2328	3	1	21	0	1
2329	3	1	21	0	1
2330	3	1	21	0	1
2331	3	1	21	0	1
2332	3	1	21	0	1
2333	3	1	21	0	1
2334	3	1	21	0	1
2335	3	1	21	0	1
2336	3	1	21	0	1
2337	3	1	21	0	1
2338	3	1	21	0	1
2339	3	1	21	0	1
2340	3	1	21	0	1
2341	3	1	21	0	1
2342	3	1	21	0	1
2343	3	1	21	0	1
2344	3	1	21	0	1
2345	3	1	21	0	1
2346	3	1	21	0	1
2347	3	1	21	0	1
2348	3	1	21	0	1
2349	3	1	21	0	1
2350	3	1	21	0	1
2351	3	1	21	0	1
2352	3	1	21	0	1
2353	3	1	21	0	1
2354	3	1	21	0	1
2355	3	1	21	0	1
2356	3	1	21	0	1
2357	3	1	21	0	1
2358	3	1	21	0	1
2359	3	1	21	0	1
2360	3	1	21	0	1
2361	3	1	21	0	1
2362	3	1	21	0	1
2363	3	1	21	0	1
2364	3	1	21	0	1
2365	3	1	21	0	1
2366	3	1	21	0	1
2367	3	1	21	0	1
2368	3	1	21	0	1
2369	3	1	21	0	1
2370	3	1	21	0	1
2371	3	1	21	0	1
2372	3	1	21	0	1
2373	3	1	21	0	1
2374	3	1	21	0	1
2375	3	1	21	0	1
2376	3	1	21	0	1
2377	3	1	21	0	1
2378	3	1	21	0	1
2379	3	1	21	0	1
2380	3	1	21	0	1
2381	3	1	21	0	1
2382	3	1	21	0	1
2383	3	1	21	0	1
2384	3	1	21	0	1
2385	3	1	21	0	1
2386	3	1	21	0	1
2387	3	1	21	0	1
2388	3	1	21	0	1
2389	3	1	21	0	1
2390	3	1	21	0	1
2391	3	1	21	0	1
2392	3	1	21	0	1
2393	3	1	21	0	1
2394	3	1	21	0	1
2395	3	1	21	0	1
2396	3	1	21	0	1
2397	3	1	21	0	1
2398	3	1	21	0	1
2399	3	1	21	0	1
2400	3	1	21	0	1
2401	3	1	21	0	1
2402	3	1	21	0	1
2403	3	1	21	0	1
2404	3	1	21	0	1
2405	3	1	21	0	1
2406	3	1	21	0	1
2407	3	1	21	0	1
2408	3	1	21	0	1
2409	3	1	21	0	1
2410	3	1	21	0	1
2411	3	1	21	0	1
2412	3	1	21	0	1
2413	3	1	21	0	1
2414	3	1	21	0	1
2415	3	1	21	0	1
2416	3	1	21	0	1
2417	3	1	21	0	1
2418	3	1	21	0	1
2419	3	1	21	0	1
2420	3	1	21	0	1
2421	3	1	21	0	1
2422	3	1	21	0	1
2423	3	1	21	0	1
2424	3	1	21	0	1
2425	3	1	21	0	1
2426	3	1	21	0	1
2427	3	1	21	0	1
2428	3	1	21	0	1
2429	4	2	22	0	1
2430	3	1	22	0	1
2431	3	1	22	0	1
2432	3	1	22	0	1
2433	3	1	22	0	1
2434	4	2	22	0	1
2435	3	1	22	0	1
2436	4	2	22	0	1
2437	4	2	22	0	1
2438	4	2	22	0	1
2439	4	2	22	0	1
2440	4	2	22	0	1
2441	4	2	22	0	1
2442	4	2	22	0	1
2443	4	2	22	0	1
2444	3	1	22	0	1
2445	3	1	22	0	1
2446	4	2	22	0	1
2447	4	2	22	0	1
2448	3	1	22	0	1
2449	3	1	22	0	1
2450	4	2	22	0	1
2451	4	2	22	0	1
2452	4	2	22	0	1
2453	4	2	22	0	1
2454	3	1	22	0	1
2455	3	1	22	0	1
2456	3	1	22	0	1
2457	3	1	22	0	1
2458	3	1	22	0	1
2459	3	1	22	0	1
2460	3	1	22	0	1
2461	3	1	22	0	1
2462	3	1	22	0	1
2463	3	1	22	0	1
2464	3	1	22	0	1
2465	3	1	22	0	1
2466	3	1	22	0	1
2467	3	1	22	0	1
2468	3	1	22	0	1
2469	3	1	22	0	1
2470	3	1	22	0	1
2471	3	1	22	0	1
2472	3	1	22	0	1
2473	3	1	22	0	1
2474	3	1	22	0	1
2475	3	1	22	0	1
2476	3	1	22	0	1
2477	3	1	22	0	1
2478	3	1	22	0	1
2479	3	1	22	0	1
2480	3	1	22	0	1
2481	3	1	22	0	1
2482	3	1	22	0	1
2483	3	1	22	0	1
2484	3	1	22	0	1
2485	3	1	22	0	1
2486	3	1	22	0	1
2487	3	1	22	0	1
2488	3	1	22	0	1
2489	3	1	22	0	1
2490	3	1	22	0	1
2491	3	1	22	0	1
2492	3	1	22	0	1
2493	3	1	22	0	1
2494	3	1	22	0	1
2495	3	1	22	0	1
2496	3	1	22	0	1
2497	3	1	22	0	1
2498	3	1	22	0	1
2499	3	1	22	0	1
2500	3	1	22	0	1
2501	2	1	22	0	1
2502	2	1	22	0	1
2503	2	1	22	0	1
2504	2	1	22	0	1
2505	2	1	22	0	1
2506	2	1	22	0	1
2507	2	1	22	0	1
2508	2	1	22	0	1
2509	2	1	22	0	1
2510	2	1	22	0	1
2511	2	1	22	0	1
2512	2	1	22	0	1
2513	2	1	22	0	1
2514	2	1	22	0	1
2515	2	1	22	0	1
2516	2	1	22	0	1
2517	2	1	22	0	1
2518	2	1	22	0	1
2519	2	1	22	0	1
2520	2	1	22	0	1
2521	2	1	22	0	1
2522	2	1	22	0	1
2523	2	1	22	0	1
2524	2	1	22	0	1
2525	2	1	22	0	1
2526	2	1	22	0	1
2527	2	1	22	0	1
2528	2	1	22	0	1
2529	2	1	22	0	1
2530	2	1	22	0	1
2531	2	1	22	0	1
2532	2	1	22	0	1
2533	2	1	22	0	1
2534	2	1	22	0	1
2535	2	1	22	0	1
2536	2	1	22	0	1
2537	2	1	22	0	1
2538	2	1	22	0	1
2539	2	1	22	0	1
2540	2	1	22	0	1
2541	2	1	22	0	1
2542	2	1	22	0	1
2543	2	1	22	0	1
2544	2	1	22	0	1
2545	2	1	22	0	1
2546	2	1	22	0	1
2547	2	1	22	0	1
2548	2	1	22	0	1
2549	2	1	22	0	1
2550	2	1	22	0	1
2551	2	1	22	0	1
2552	2	1	22	0	1
2553	2	1	22	0	1
2554	2	1	22	0	1
2555	2	1	22	0	1
2556	2	1	22	0	1
2557	2	1	22	0	1
2558	2	1	22	0	1
2559	2	1	22	0	1
2560	2	1	22	0	1
2561	2	1	22	0	1
2562	2	1	22	0	1
2563	2	1	22	0	1
2564	2	1	22	0	1
2565	2	1	22	0	1
2566	2	1	22	0	1
2567	2	1	22	0	1
2568	2	1	22	0	1
2569	2	1	22	0	1
2570	2	1	22	0	1
2571	2	1	22	0	1
2572	2	1	22	0	1
2573	2	1	22	0	1
2574	2	1	22	0	1
2575	2	1	22	0	1
2576	2	1	22	0	1
2577	2	1	22	0	1
2578	2	1	22	0	1
2579	2	1	22	0	1
2580	2	1	22	0	1
2581	2	1	22	0	1
2582	2	1	22	0	1
2583	2	1	22	0	1
2584	2	1	22	0	1
2585	2	1	22	0	1
2586	2	1	22	0	1
2587	2	1	22	0	1
2588	2	1	22	0	1
2589	2	1	22	0	1
2590	3	1	22	0	1
2591	3	1	22	0	1
2592	3	1	22	0	1
2593	2	1	22	0	1
2594	2	1	22	0	1
2595	2	1	22	0	1
2596	2	1	22	0	1
2597	2	1	22	0	1
2598	2	1	22	0	1
2599	2	1	22	0	1
2600	2	1	22	0	1
2601	2	1	22	0	1
2602	2	1	22	0	1
2603	2	1	22	0	1
2604	2	1	22	0	1
2605	2	1	22	0	1
2606	2	1	22	0	1
2607	2	1	22	0	1
2608	2	1	22	0	1
2609	2	1	22	0	1
2610	2	1	22	0	1
2611	2	1	22	0	1
2612	2	1	22	0	1
2613	2	1	22	0	1
2614	2	1	22	0	1
2615	2	1	22	0	1
2616	2	1	22	0	1
2617	2	1	22	0	1
2618	2	1	22	0	1
2619	2	1	22	0	1
2620	2	1	22	0	1
2621	2	1	22	0	1
2622	2	1	22	0	1
2623	2	1	22	0	1
2624	2	1	22	0	1
2625	2	1	22	0	1
2626	2	1	22	0	1
2627	2	1	22	0	1
2628	2	1	22	0	1
2629	2	1	22	0	1
2630	2	1	22	0	1
2631	2	1	22	0	1
2632	2	1	22	0	1
2633	2	1	22	0	1
2634	2	1	22	0	1
2635	2	1	22	0	1
2636	3	1	22	0	1
2637	3	1	22	0	1
2638	3	1	22	0	1
2639	3	1	22	0	1
2640	3	1	22	0	1
2641	3	1	22	0	1
2642	3	1	22	0	1
2643	2	1	22	0	1
2644	2	1	22	0	1
2645	2	1	22	0	1
2646	2	1	22	0	1
2647	2	1	22	0	1
2648	2	1	22	0	1
2649	2	1	22	0	1
2650	2	1	22	0	1
2651	2	1	22	0	1
2652	2	1	22	0	1
2653	2	1	22	0	1
2654	2	1	22	0	1
2655	2	1	22	0	1
2656	2	1	22	0	1
2657	2	1	22	0	1
2658	2	1	22	0	1
2659	2	1	22	0	1
2660	3	1	22	0	1
2661	2	1	22	0	1
2662	2	1	22	0	1
2663	3	1	22	0	1
2664	3	1	22	0	1
2665	3	1	22	0	1
2666	3	1	22	0	1
2667	3	1	22	0	1
2668	3	1	22	0	1
2669	3	1	22	0	1
2670	3	1	22	0	1
2671	3	1	22	0	1
2672	3	1	22	0	1
2673	3	1	22	0	1
2674	3	1	22	0	1
2675	3	1	22	0	1
2676	3	1	22	0	1
2677	3	1	22	0	1
2678	3	1	22	0	1
2679	3	1	22	0	1
2680	3	1	22	0	1
2681	3	1	22	0	1
2682	3	1	22	0	1
2683	3	1	22	0	1
2684	3	1	22	0	1
2685	3	1	22	0	1
2686	3	1	22	0	1
2687	3	1	22	0	1
2688	3	1	22	0	1
2689	3	1	22	0	1
2690	3	1	22	0	1
2691	3	1	22	0	1
2692	3	1	22	0	1
2693	3	1	22	0	1
2694	3	1	22	0	1
2695	3	1	22	0	1
2696	3	1	22	0	1
2697	3	1	22	0	1
2698	3	1	22	0	1
2699	3	1	22	0	1
2700	3	1	22	0	1
2701	3	1	22	0	1
2702	3	1	22	0	1
2703	3	1	22	0	1
2704	3	1	22	0	1
2705	3	1	22	0	1
2706	3	1	22	0	1
2707	3	1	22	0	1
2708	3	1	22	0	1
2709	3	1	22	0	1
2710	3	1	22	0	1
2711	3	1	22	0	1
2712	3	1	22	0	1
2713	3	1	22	0	1
2714	3	1	22	0	1
2715	3	1	22	0	1
2716	3	1	22	0	1
2717	3	1	22	0	1
2718	3	1	22	0	1
2719	3	1	22	0	1
2720	3	1	22	0	1
2721	3	1	22	0	1
2722	3	1	22	0	1
2723	3	1	22	0	1
2724	3	1	22	0	1
2725	3	1	22	0	1
2726	3	1	22	0	1
2727	3	1	22	0	1
2728	3	1	22	0	1
2729	3	1	22	0	1
2730	3	1	22	0	1
2731	3	1	22	0	1
2732	3	1	22	0	1
2733	3	1	22	0	1
2734	3	1	22	0	1
2735	3	1	22	0	1
2736	3	1	22	0	1
2737	3	1	22	0	1
2738	3	1	22	0	1
2739	3	1	22	0	1
2740	3	1	22	0	1
2741	3	1	22	0	1
2742	3	1	22	0	1
2743	3	1	22	0	1
2744	3	1	22	0	1
2745	3	1	22	0	1
2746	3	1	22	0	1
2747	3	1	22	0	1
2748	3	1	22	0	1
2749	3	1	22	0	1
2750	3	1	22	0	1
2751	3	1	22	0	1
2752	3	1	22	0	1
2753	3	1	22	0	1
2754	3	1	22	0	1
2755	3	1	22	0	1
2756	3	1	22	0	1
2757	3	1	22	0	1
2758	3	1	22	0	1
2759	3	1	22	0	1
2760	3	1	22	0	1
2761	3	1	22	0	1
2762	3	1	22	0	1
2763	3	1	22	0	1
2764	3	1	22	0	1
2765	3	1	22	0	1
2766	3	1	22	0	1
2767	3	1	22	0	1
2768	3	1	22	0	1
2769	3	1	22	0	1
2770	3	1	22	0	1
2771	3	1	22	0	1
2772	3	1	22	0	1
2773	3	1	22	0	1
2774	3	1	22	0	1
2775	3	1	22	0	1
2776	3	1	22	0	1
2777	3	1	22	0	1
2778	3	1	22	0	1
2779	3	1	22	0	1
2780	3	1	22	0	1
2781	3	1	22	0	1
2782	3	1	22	0	1
2783	3	1	22	0	1
2784	3	1	22	0	1
2785	3	1	22	0	1
2786	3	1	22	0	1
2787	3	1	22	0	1
2788	3	1	22	0	1
2789	3	1	22	0	1
2790	3	1	22	0	1
2791	3	1	22	0	1
2792	3	1	22	0	1
2793	3	1	22	0	1
2794	3	1	22	0	1
2795	3	1	22	0	1
2796	3	1	22	0	1
2797	3	1	22	0	1
2798	3	1	22	0	1
2799	3	1	22	0	1
2800	3	1	22	0	1
2801	3	1	22	0	1
2802	3	1	22	0	1
2803	3	1	22	0	1
2804	3	1	22	0	1
2805	3	1	22	0	1
2806	3	1	22	0	1
2807	3	1	22	0	1
2808	3	1	22	0	1
2809	3	1	22	0	1
2810	3	1	22	0	1
2811	3	1	22	0	1
2812	3	1	22	0	1
2813	3	1	22	0	1
2814	3	1	22	0	1
2815	3	1	22	0	1
2816	3	1	22	0	1
2817	3	1	22	0	1
2818	3	1	22	0	1
2819	3	1	22	0	1
2820	3	1	22	0	1
2821	3	1	22	0	1
2822	3	1	22	0	1
2823	3	1	22	0	1
2824	3	1	22	0	1
2825	3	1	22	0	1
2826	3	1	22	0	1
2827	3	1	22	0	1
2828	3	1	22	0	1
2829	3	1	22	0	1
2830	3	1	22	0	1
2831	4	2	23	0	1
2832	3	1	23	0	1
2833	3	1	23	0	1
2834	3	1	23	0	1
2835	3	1	23	0	1
2836	3	1	23	0	1
2837	3	1	23	0	1
2838	3	1	23	0	1
2839	3	1	23	0	1
2840	3	1	23	0	1
2841	3	1	23	0	1
2842	3	1	23	0	1
2843	3	1	23	0	1
2844	3	1	23	0	1
2845	3	1	23	0	1
2846	3	1	23	0	1
2847	3	1	23	0	1
2848	3	1	23	0	1
2849	3	1	23	0	1
2850	4	2	24	0	1
2851	2	1	24	0	1
2852	4	2	24	0	1
2853	4	2	24	0	1
2854	4	2	24	0	1
2855	4	2	24	0	1
2856	4	2	24	0	1
2857	4	2	24	0	1
2858	4	2	24	0	1
2859	4	2	24	0	1
2860	4	2	24	0	1
2861	4	2	24	0	1
2862	4	2	24	0	1
2863	4	2	24	0	1
2864	4	2	24	0	1
2865	3	2	24	0	1
2866	3	2	24	0	1
2867	4	2	24	0	1
2868	3	2	24	0	1
2869	3	2	24	0	1
2870	3	2	24	0	1
2871	3	2	24	0	1
2872	3	2	24	0	1
2873	3	2	24	0	1
2874	3	2	24	0	1
2875	3	2	24	0	1
2876	3	2	24	0	1
2877	3	2	24	0	1
2878	3	2	24	0	1
2879	3	2	24	0	1
2880	3	2	24	0	1
2881	3	2	24	0	1
2882	3	2	24	0	1
2883	3	2	24	0	1
2884	3	2	24	0	1
2885	3	2	24	0	1
2886	3	2	24	0	1
2887	2	1	24	0	1
2888	2	0	24	0	1
2889	3	1	24	0	1
2890	3	1	24	0	1
2891	3	1	24	0	1
2892	4	2	24	0	1
2893	3	1	24	0	1
2894	2	0	24	0	1
2895	3	1	24	0	1
2896	4	1	24	0	1
2897	3	1	24	0	1
2898	4	1	24	0	1
2899	3	1	24	0	1
2900	4	2	25	0	1
2901	4	2	25	0	1
2902	3	1	25	0	1
2903	4	2	25	0	1
2904	4	2	25	0	1
2905	4	2	25	0	1
2906	4	2	25	0	1
2907	5	2	25	0	1
2908	5	2	25	0	1
2909	5	2	25	0	1
2910	5	2	25	0	1
2911	5	2	25	0	1
2912	5	2	25	0	1
2913	5	2	25	0	1
2914	5	2	25	0	1
2915	5	2	25	0	1
2916	5	2	25	0	1
2917	5	2	25	0	1
2918	5	2	25	0	1
2919	5	2	25	0	1
2920	5	2	25	0	1
2921	5	2	25	0	1
2922	5	2	25	0	1
2923	5	2	25	0	1
2924	5	2	25	0	1
2925	5	2	25	0	1
2926	5	2	25	0	1
2927	5	2	25	0	1
2928	5	2	25	0	1
2929	5	2	25	0	1
2930	5	2	25	0	1
2931	5	2	25	0	1
2932	5	2	25	0	1
2933	5	2	25	0	1
2934	5	2	25	0	1
2935	5	2	25	0	1
2936	5	2	25	0	1
2937	5	2	25	0	1
2938	5	2	25	0	1
2939	5	2	25	0	1
2940	5	2	25	0	1
2941	5	2	25	0	1
2942	5	2	25	0	1
2943	5	2	25	0	1
2944	5	2	25	0	1
2945	5	2	25	0	1
2946	5	2	25	0	1
2947	5	2	25	0	1
2948	5	2	25	0	1
2949	4	1	25	0	1
2950	4	1	25	0	1
2951	4	1	25	0	1
2952	4	1	25	0	1
2953	4	1	25	0	1
2954	4	1	25	0	1
2955	4	1	25	0	1
2956	4	1	25	0	1
2957	4	1	25	0	1
2958	4	1	25	0	1
2959	4	1	25	0	1
2960	4	1	25	0	1
2961	4	1	25	0	1
2962	4	1	25	0	1
2963	4	1	25	0	1
2964	4	1	25	0	1
2965	4	1	25	0	1
2966	4	1	25	0	1
2967	4	1	25	0	1
2968	4	1	25	0	1
2969	4	1	25	0	1
2970	4	1	25	0	1
2971	4	1	25	0	1
2972	4	1	25	0	1
2973	4	1	25	0	1
2974	4	1	25	0	1
2975	4	1	25	0	1
2976	4	1	25	0	1
2977	4	1	25	0	1
2978	4	1	25	0	1
2979	4	1	25	0	1
2980	4	1	25	0	1
2981	4	1	25	0	1
2982	4	1	25	0	1
2983	4	1	25	0	1
2984	4	1	25	0	1
2985	4	1	25	0	1
2986	4	1	25	0	1
2987	4	1	25	0	1
2988	4	1	25	0	1
2989	4	1	25	0	1
2990	4	1	25	0	1
2991	4	1	25	0	1
2992	4	1	25	0	1
2993	4	1	25	0	1
2994	4	1	25	0	1
2995	4	1	25	0	1
2996	4	1	25	0	1
2997	4	1	25	0	1
2998	4	1	25	0	1
2999	4	1	25	0	1
3000	4	1	25	0	1
3001	3	1	25	0	1
3002	3	1	25	0	1
3003	3	1	25	0	1
3004	3	1	25	0	1
3005	3	1	25	0	1
3006	3	1	25	0	1
3007	2	1	25	0	1
3008	3	1	25	0	1
3009	3	1	25	0	1
3010	2	1	25	0	1
3011	2	1	25	0	1
3012	2	1	25	0	1
3013	2	1	25	0	1
3014	2	1	25	0	1
3015	2	1	25	0	1
3016	2	1	25	0	1
3017	2	1	25	0	1
3018	1	1	25	0	1
3019	1	1	25	0	1
3020	2	1	25	0	1
3021	2	1	25	0	1
3022	2	1	25	0	1
3023	2	1	25	0	1
3024	2	1	25	0	1
3025	2	1	25	0	1
3026	2	1	25	0	1
3027	2	1	25	0	1
3028	2	1	25	0	1
3029	2	1	25	0	1
3030	2	1	25	0	1
3031	2	1	25	0	1
3032	2	1	25	0	1
3033	2	1	25	0	1
3034	2	1	25	0	1
3035	2	1	25	0	1
3036	2	1	25	0	1
3037	2	1	25	0	1
3038	3	1	25	0	1
3039	3	1	25	0	1
3040	2	1	25	0	1
3041	2	1	25	0	1
3042	3	1	25	0	1
3043	3	1	25	0	1
3044	3	1	25	0	1
3045	3	1	25	0	1
3046	3	1	25	0	1
3047	3	1	25	0	1
3048	3	1	25	0	1
3049	3	1	25	0	1
3050	3	1	25	0	1
3051	3	1	25	0	1
3052	3	1	25	0	1
3053	3	1	25	0	1
3054	3	1	25	0	1
3055	3	1	25	0	1
3056	3	1	25	0	1
3057	3	1	25	0	1
3058	3	1	25	0	1
3059	3	1	25	0	1
3060	3	1	25	0	1
3061	3	1	25	0	1
3062	3	1	25	0	1
3063	3	1	25	0	1
3064	3	1	25	0	1
3065	3	1	25	0	1
3066	3	1	25	0	1
3067	3	1	25	0	1
3068	3	1	25	0	1
3069	3	1	25	0	1
3070	3	1	25	0	1
3071	3	1	25	0	1
3072	3	1	25	0	1
3073	3	1	25	0	1
3074	3	1	25	0	1
3075	3	1	25	0	1
3076	3	1	25	0	1
3077	3	1	25	0	1
3078	3	1	25	0	1
3079	3	1	25	0	1
3080	3	1	25	0	1
3081	3	1	25	0	1
3082	3	1	25	0	1
3083	3	1	25	0	1
3084	2	0	25	0	1
3085	2	0	25	0	1
3086	2	0	25	0	1
3087	3	1	25	0	1
3088	3	1	25	0	1
3089	3	1	25	0	1
3090	3	1	25	0	1
3091	3	1	25	0	1
3092	3	1	25	0	1
3093	3	1	25	0	1
3094	3	1	25	0	1
3095	3	1	25	0	1
3096	3	1	25	0	1
3097	3	1	25	0	1
3098	2	0	25	0	1
3099	3	1	25	0	1
3100	3	1	25	0	1
3101	3	1	25	0	1
3102	3	1	25	0	1
3103	3	1	25	0	1
3104	3	1	25	0	1
3105	3	1	25	0	1
3106	3	1	25	0	1
3107	3	1	25	0	1
3108	3	1	25	0	1
3109	3	1	25	0	1
3110	3	1	25	0	1
3111	2	1	25	0	1
3112	3	1	25	0	1
3113	3	1	25	0	1
3114	3	1	25	0	1
3115	2	1	25	0	1
3116	2	1	25	0	1
3117	2	1	25	0	1
3118	2	1	25	0	1
3119	2	1	25	0	1
3120	2	1	25	0	1
3121	2	1	25	0	1
3122	4	2	26	0	1
3123	3	2	26	0	1
3124	3	2	26	0	1
3125	2	1	26	0	1
3126	2	1	26	0	1
3127	3	2	26	0	1
3128	4	2	26	0	1
3129	3	2	26	0	1
3130	3	2	26	0	1
3131	3	2	26	0	1
3132	3	2	26	0	1
3133	3	2	26	0	1
3134	3	2	26	0	1
3135	4	2	26	0	1
3136	3	1	26	0	1
3137	3	1	26	0	1
3138	3	1	26	0	1
3139	3	1	26	0	1
3140	3	1	26	0	1
3141	3	1	26	0	1
3142	3	1	26	0	1
3143	3	1	26	0	1
3144	3	1	26	0	1
3145	3	1	26	0	1
3146	3	1	26	0	1
3147	3	1	26	0	1
3148	3	1	26	0	1
3149	3	1	26	0	1
3150	3	1	26	0	2
3151	3	1	26	0	2
3152	3	1	26	0	2
3153	4	2	26	0	2
3154	4	2	26	0	2
3155	4	2	26	0	2
3156	4	2	26	0	2
3157	3	1	26	0	2
3158	3	1	26	0	2
3159	3	1	26	0	2
3160	2	0	26	0	2
3161	2	0	26	0	2
3162	2	0	26	0	2
3163	3	1	26	0	2
3164	4	2	26	0	2
3165	4	2	26	0	2
3166	2	0	26	0	2
3167	3	1	26	0	2
3168	2	0	26	0	2
3169	2	0	26	0	2
3170	2	0	26	0	2
3171	2	0	26	0	2
3172	2	0	26	0	2
3173	2	0	26	0	2
3174	3	1	26	0	2
3175	2	0	26	0	2
3176	2	0	26	0	2
3177	2	0	26	0	2
3178	2	0	26	0	2
3179	2	0	26	0	2
3180	2	0	26	0	2
3181	2	0	26	0	2
3182	2	0	26	0	2
3183	2	0	26	0	2
3184	2	0	26	0	2
3185	2	0	26	0	2
3186	2	0	26	0	2
3187	2	0	26	0	2
3188	2	0	26	0	2
3189	2	0	26	0	2
3190	2	0	26	0	2
3191	2	0	26	0	2
3192	2	0	26	0	2
3193	2	0	26	0	2
3194	2	0	26	0	2
3195	2	0	26	0	2
3196	2	0	26	0	2
3197	2	0	26	0	2
3198	2	0	26	0	2
3199	2	0	26	0	2
3200	2	0	26	0	2
3201	2	0	26	0	2
3202	2	0	26	0	2
3203	2	0	26	0	2
3204	2	0	26	0	2
3205	2	0	26	0	2
3206	2	0	26	0	2
3207	2	0	26	0	2
3208	2	0	26	0	2
3209	2	0	26	0	2
3210	2	0	26	0	2
3211	2	0	26	0	2
3212	2	0	26	0	2
3213	2	0	26	0	2
3214	2	0	26	0	2
3215	2	0	26	0	2
3216	3	1	27	0	2
3217	3	1	27	0	2
3218	2	0	27	0	2
3219	2	0	27	0	2
3220	1	0	27	0	2
3221	1	0	27	0	2
3222	1	0	27	0	2
3223	1	0	27	0	2
3224	1	0	27	0	2
3225	1	0	27	0	2
3226	1	0	27	0	2
3227	1	0	27	0	2
3228	1	0	27	0	2
3229	1	0	27	0	2
3230	1	0	27	0	2
3231	1	0	27	0	2
3232	1	0	27	0	2
3233	1	0	27	0	2
3234	1	0	27	0	2
3235	1	0	27	0	2
3236	1	0	27	0	2
3237	1	0	27	0	2
3238	1	0	27	0	2
3239	1	0	27	0	2
3240	1	0	27	0	2
3241	2	0	27	0	2
3242	2	0	27	0	2
3243	1	0	27	0	2
3244	1	0	27	0	2
3245	1	0	27	0	2
3246	2	0	27	0	2
3247	2	0	27	0	2
3248	2	0	27	0	2
3249	2	0	27	0	2
3250	2	0	27	0	2
3251	2	0	27	0	2
3252	2	0	27	0	2
3253	3	0	27	0	2
3254	2	0	27	0	2
3255	2	0	27	0	2
3256	2	0	27	0	2
3257	3	0	27	0	2
3258	3	0	27	0	2
3259	2	0	27	0	2
3260	2	0	27	0	2
3261	2	0	27	0	2
3262	2	0	27	0	2
3263	2	0	27	0	2
3264	2	0	27	0	2
3265	2	0	27	0	2
3266	2	0	27	0	2
3267	2	0	27	0	2
3268	2	0	27	0	2
3269	2	0	27	0	2
3270	2	0	27	0	2
3271	2	0	27	0	2
3272	2	0	27	0	2
3273	2	0	27	0	2
3274	2	0	27	0	2
3275	2	0	27	0	2
3276	2	0	27	0	2
3277	2	0	27	0	2
3278	2	0	27	0	2
3279	2	0	27	0	2
3280	2	0	27	0	2
3281	2	0	27	0	2
3282	2	0	27	0	2
3283	2	0	27	0	2
3284	2	0	27	0	2
3285	2	0	27	0	2
3286	2	0	27	0	2
3287	2	0	27	0	2
3288	3	0	27	0	2
3289	2	0	27	0	2
3290	2	0	27	0	2
3291	2	0	27	0	2
3292	2	0	27	0	2
3293	2	0	27	0	2
3294	2	0	27	0	2
3295	2	0	27	0	2
3296	2	0	27	0	2
3297	2	0	27	0	2
3298	2	0	27	0	2
3299	2	0	27	0	2
3300	2	0	27	0	2
3301	2	0	27	0	2
3302	2	0	27	0	2
3303	2	0	27	0	2
3304	2	0	27	0	2
3305	2	0	27	0	2
3306	2	0	27	0	2
3307	2	0	27	0	2
3308	2	0	27	0	2
3309	2	0	27	0	2
3310	2	0	27	0	2
3311	2	0	27	0	2
3312	2	0	27	0	2
3313	2	0	27	0	2
3314	2	0	27	0	2
3315	2	0	27	0	2
3316	2	0	27	0	2
3317	2	0	27	0	2
3318	2	0	27	0	2
3319	2	0	27	0	2
3320	2	0	27	0	2
3321	2	0	27	0	2
3322	2	0	27	0	2
3323	2	0	27	0	2
3324	2	0	27	0	2
3325	2	0	27	0	2
3326	2	0	27	0	2
3327	2	0	27	0	2
3328	2	0	27	0	2
3329	2	0	27	0	2
3330	2	0	27	0	2
3331	2	0	27	0	2
3332	2	0	27	0	2
3333	2	0	27	0	2
3334	2	0	27	0	2
3335	2	0	27	0	2
3336	2	0	27	0	2
3337	2	0	27	0	2
3338	2	0	27	0	2
3339	2	0	27	0	2
3340	2	0	27	0	2
3341	2	0	27	0	2
3342	2	0	27	0	2
3343	2	0	27	0	2
3344	2	0	27	0	2
3345	2	0	27	0	2
3346	2	0	27	0	2
3347	2	0	27	0	2
3348	2	0	27	0	2
3349	2	0	27	0	2
3350	2	0	27	0	2
3351	2	0	27	0	2
3352	2	0	27	0	2
3353	3	0	27	0	2
3354	3	0	27	0	2
3355	3	0	27	0	2
3356	3	0	27	0	2
3357	3	0	27	0	2
3358	3	0	27	0	2
3359	3	0	27	0	2
3360	3	0	27	0	2
3361	3	0	27	0	2
3362	2	0	27	0	2
3363	2	0	27	0	2
3364	2	0	27	0	2
3365	2	0	27	0	2
3366	2	0	27	0	2
3367	2	0	27	0	2
3368	2	0	27	0	2
3369	2	0	27	0	2
3370	2	0	27	0	2
3371	2	0	27	0	2
3372	2	0	27	0	2
3373	2	0	27	0	2
3374	2	0	27	0	2
3375	2	0	27	0	2
3376	2	0	27	0	2
3377	2	0	27	0	2
3378	2	0	27	0	2
3379	2	0	27	0	2
3380	2	0	27	0	2
3381	2	0	27	0	2
3382	2	0	27	0	2
3383	2	0	27	0	2
3384	2	0	27	0	2
3385	2	0	27	0	2
3386	2	0	27	0	2
3387	2	0	27	0	2
3388	2	0	27	0	2
3389	2	0	27	0	2
3390	2	0	27	0	2
3391	2	0	27	0	2
3392	2	0	27	0	2
3393	2	0	27	0	2
3394	2	0	27	0	2
3395	2	0	27	0	2
3396	2	0	27	0	2
3397	2	0	27	0	2
3398	2	0	27	0	2
3399	2	0	27	0	2
3400	2	0	27	0	2
3401	2	0	27	0	2
3402	2	0	27	0	2
3403	2	0	27	0	2
3404	2	0	27	0	2
3405	2	0	27	0	2
3406	2	0	27	0	2
3407	2	0	27	0	2
3408	2	0	27	0	2
3409	2	0	27	0	2
3410	2	0	27	0	2
3411	2	0	27	0	2
3412	2	0	27	0	2
3413	2	0	27	0	2
3414	2	0	27	0	2
3415	2	0	27	0	2
3416	2	0	27	0	2
3417	2	0	27	0	2
3418	2	0	27	0	2
3419	2	0	27	0	2
3420	2	0	27	0	2
3421	2	0	27	0	2
3422	2	0	27	0	2
3423	2	0	27	0	2
3424	2	0	27	0	2
3425	2	0	27	0	2
3426	2	0	27	0	2
3427	3	0	27	0	2
3428	3	0	27	0	2
3429	3	0	27	0	2
3430	3	0	27	0	2
3431	3	0	27	0	2
3432	3	0	27	0	2
3433	3	0	27	0	2
3434	3	0	27	0	2
3435	3	0	27	0	2
3436	3	0	27	0	2
3437	3	0	27	0	2
3438	3	0	27	0	2
3439	3	0	27	0	2
3440	3	0	27	0	2
3441	3	0	27	0	2
3442	3	0	27	0	2
3443	3	0	27	0	2
3444	3	0	27	0	2
3445	3	0	27	0	2
3446	3	0	27	0	2
3447	3	0	27	0	2
3448	3	0	27	0	2
3449	3	0	27	0	2
3450	3	0	27	0	2
3451	3	0	27	0	2
3452	3	0	27	0	2
3453	3	0	27	0	2
3454	3	0	27	0	2
3455	3	0	27	0	2
3456	3	0	27	0	2
3457	4	0	27	0	2
3458	4	0	27	0	2
3459	4	0	27	0	2
3460	4	0	27	0	2
3461	2	0	27	0	2
3462	3	0	27	0	2
3463	3	0	27	0	2
3464	3	0	27	0	2
3465	3	0	27	0	2
3466	3	0	27	0	2
3467	3	0	27	0	2
3468	3	0	27	0	2
3469	3	0	27	0	2
3470	3	0	27	0	2
3471	2	0	27	0	2
3472	2	0	27	0	2
3473	2	0	27	0	2
3474	2	0	27	0	2
3475	2	0	27	0	2
3476	2	0	27	0	2
3477	2	0	27	0	2
3478	2	0	27	0	2
3479	2	0	27	0	2
3480	2	0	27	0	2
3481	2	0	27	0	2
3482	2	0	27	0	2
3483	3	0	27	0	2
3484	2	0	27	0	2
3485	2	0	27	0	2
3486	2	0	27	0	2
3487	2	0	27	0	2
3488	2	0	27	0	2
3489	2	0	27	0	2
3490	2	0	27	0	2
3491	2	0	27	0	2
3492	2	0	27	0	2
3493	2	0	27	0	2
3494	2	0	27	0	2
3495	2	0	27	0	2
3496	2	0	27	0	2
3497	2	0	27	0	2
3498	3	0	27	0	2
3499	3	0	27	0	2
3500	3	0	27	0	2
3501	2	0	27	0	2
3502	2	0	27	0	2
3503	2	0	27	0	2
3504	2	0	27	0	2
3505	2	0	27	0	2
3506	2	0	27	0	2
3507	2	0	27	0	2
3508	2	0	27	0	2
3509	2	0	27	0	2
3510	2	0	27	0	2
3511	2	0	27	0	2
3512	2	0	27	0	2
3513	2	0	27	0	2
3514	2	0	27	0	2
3515	2	0	27	0	2
3516	2	0	27	0	2
3517	2	0	27	0	2
3518	2	0	27	0	2
3519	2	0	27	0	2
3520	2	0	27	0	2
3521	2	0	27	0	2
3522	2	0	27	0	2
3523	2	0	27	0	2
3524	2	0	27	0	2
3525	2	0	27	0	2
3526	2	0	27	0	2
3527	2	0	27	0	2
3528	2	0	27	0	2
3529	2	0	27	0	2
3530	2	0	27	0	2
3531	2	0	27	0	2
3532	2	0	27	0	2
3533	2	0	27	0	2
3534	2	0	27	0	2
3535	2	0	27	0	2
3536	2	0	27	0	2
3537	2	0	27	0	2
3538	2	0	27	0	2
3539	2	0	27	0	2
3540	2	0	27	0	2
3541	2	0	27	0	2
3542	2	0	27	0	2
3543	2	0	27	0	2
3544	2	0	27	0	2
3545	2	0	27	0	2
3546	2	0	27	0	2
3547	2	0	27	0	2
3548	2	0	27	0	2
3549	2	0	27	0	2
3550	2	0	27	0	2
3551	2	0	27	0	2
3552	2	0	27	0	2
3553	2	0	27	0	2
3554	2	0	27	0	2
3555	2	0	27	0	2
3556	2	0	27	0	2
3557	2	0	27	0	2
3558	2	0	27	0	2
3559	2	0	27	0	2
3560	2	0	27	0	2
3561	2	0	27	0	2
3562	2	0	27	0	2
3563	2	0	27	0	2
3564	2	0	27	0	2
3565	2	0	27	0	2
3566	2	0	27	0	2
3567	2	0	27	0	2
3568	2	0	27	0	2
3569	2	0	27	0	2
3570	2	0	27	0	2
3571	2	0	27	0	2
3572	2	0	27	0	2
3573	2	0	27	0	2
3574	2	0	27	0	2
3575	2	0	27	0	2
3576	2	0	27	0	2
3577	2	0	27	0	2
3578	2	0	27	0	2
3579	2	0	27	0	2
3580	2	0	27	0	2
3581	2	0	27	0	2
3582	2	0	27	0	2
3583	2	0	27	0	2
3584	2	0	27	0	2
3585	2	0	27	0	2
3586	2	0	27	0	2
3587	2	0	27	0	2
3588	2	0	27	0	2
3589	2	0	27	0	2
3590	2	0	27	0	2
3591	2	0	27	0	2
3592	2	0	27	0	2
3593	2	0	27	0	2
3594	2	0	27	0	2
3595	2	0	27	0	2
3596	2	0	27	0	2
3597	2	0	27	0	2
3598	2	0	27	0	2
3599	2	0	27	0	2
3600	2	0	27	0	2
3601	2	0	27	0	2
3602	2	0	27	0	2
3603	2	0	27	0	2
3604	2	0	27	0	2
3605	2	0	27	0	2
3606	2	0	27	0	2
3607	2	0	27	0	2
3608	2	0	27	0	2
3609	2	0	27	0	2
3610	2	0	27	0	2
3611	2	0	27	0	2
3612	2	0	27	0	2
3613	2	0	27	0	2
3614	2	0	27	0	2
3615	2	0	27	0	2
3616	2	0	27	0	2
3617	2	0	27	0	2
3618	2	0	27	0	2
3619	2	0	27	0	2
3620	2	0	27	0	2
3621	2	0	27	0	2
3622	2	0	27	0	2
3623	2	0	27	0	2
3624	2	0	27	0	2
3625	2	0	27	0	2
3626	2	0	27	0	2
3627	2	0	27	0	2
3628	2	0	27	0	2
3629	2	0	27	0	2
3630	2	0	27	0	2
3631	2	0	27	0	2
3632	2	0	27	0	2
3633	2	0	27	0	2
3634	2	0	27	0	2
3635	2	0	27	0	2
3636	2	0	27	0	2
3637	2	0	27	0	2
3638	2	0	27	0	2
3639	2	0	27	0	2
3640	2	0	27	0	2
3641	2	0	27	0	2
3642	2	0	27	0	2
3643	2	0	27	0	2
3644	2	0	27	0	2
3645	2	0	27	0	2
3646	2	0	27	0	2
3647	2	0	27	0	2
3648	2	0	27	0	2
3649	3	0	27	0	2
3650	2	0	27	0	2
3651	2	0	27	0	2
3652	2	0	27	0	2
3653	3	0	27	0	2
3654	3	0	27	0	2
3655	3	0	27	0	2
3656	2	0	27	0	2
3657	3	0	27	0	2
3658	3	0	27	0	2
3659	3	0	27	0	2
3660	3	0	27	0	2
3661	3	0	27	0	2
3662	2	0	27	0	2
3663	3	0	27	0	2
3664	4	0	27	0	2
3665	3	0	27	0	2
3666	4	0	27	0	2
3667	4	0	27	0	2
3668	4	0	27	0	2
3669	4	0	27	0	2
3670	4	0	27	0	2
3671	4	0	27	0	2
3672	4	0	27	0	2
3673	3	0	27	0	2
3674	3	0	27	0	2
3675	2	0	27	0	2
3676	2	0	27	0	2
3677	2	0	27	0	2
3678	3	0	27	0	2
3679	3	0	27	0	2
3680	4	0	27	0	2
3681	3	0	27	0	2
3682	3	0	27	0	2
3683	4	0	27	0	2
3684	4	0	27	0	2
3685	4	0	27	0	2
3686	4	0	27	0	2
3687	4	0	27	0	2
3688	4	0	27	0	2
3689	4	0	27	0	2
3690	4	0	27	0	2
3691	4	0	27	0	2
3692	4	0	27	0	2
3693	3	0	27	0	2
3694	3	0	27	0	2
3695	3	0	27	0	2
3696	3	0	27	0	2
3697	3	0	27	0	2
3698	3	0	27	0	2
3699	3	0	27	0	2
3700	4	0	27	0	2
3701	3	0	27	0	2
3702	3	0	27	0	2
3703	3	0	27	0	2
3704	3	0	27	0	2
3705	3	0	27	0	2
3706	3	0	27	0	2
3707	3	0	27	0	2
3708	3	0	27	0	2
3709	3	0	27	0	2
3710	3	0	27	0	2
3711	3	0	27	0	2
3712	3	0	27	0	2
3713	3	0	27	0	2
3714	3	0	27	0	2
3715	3	0	27	0	2
3716	3	0	27	0	2
3717	3	0	27	0	2
3718	2	0	27	0	2
3719	2	0	27	0	2
3720	2	0	27	0	2
3721	2	0	27	0	2
3722	2	0	27	0	2
3723	2	0	27	0	2
3724	2	0	27	0	2
3725	2	0	27	0	2
3726	2	0	27	0	2
3727	2	0	27	0	2
3728	2	0	27	0	2
3729	2	0	27	0	2
3730	2	0	27	0	2
3731	2	0	27	0	2
3732	2	0	27	0	2
3733	2	0	27	0	2
3734	2	0	27	0	2
3735	2	0	27	0	2
3736	2	0	27	0	2
3737	2	0	27	0	2
3738	2	0	27	0	2
3739	2	0	27	0	2
3740	2	0	27	0	2
3741	2	0	27	0	2
3742	2	0	27	0	2
3743	2	0	27	0	2
3744	2	0	27	0	2
3745	2	0	27	0	2
3746	2	0	27	0	2
3747	2	0	27	0	2
3748	2	0	27	0	2
3749	2	0	27	0	2
3750	2	0	27	0	2
3751	2	0	27	0	2
3752	4	1	28	0	2
3753	4	1	28	0	2
3754	4	1	28	0	2
3755	4	1	28	0	2
3756	4	1	28	0	2
3757	3	0	28	0	2
3758	3	0	28	0	2
3759	3	0	28	0	2
3760	3	0	28	0	2
3761	3	0	28	0	2
3762	3	0	28	0	2
3763	3	0	28	0	2
3764	4	1	28	0	2
3765	3	0	28	0	2
3766	4	1	28	0	2
3767	4	1	28	0	2
3768	4	1	28	0	2
3769	4	1	28	0	2
3770	4	1	28	0	2
3771	4	1	28	0	2
3772	4	1	28	0	2
3773	4	1	28	0	2
3774	4	1	28	0	2
3775	4	1	28	0	2
3776	4	1	28	0	2
3777	4	1	28	0	2
3778	4	1	28	0	2
3779	4	1	28	0	2
3780	4	1	28	0	2
3781	4	1	28	0	2
3782	4	1	28	0	2
3783	4	1	28	0	2
3784	4	1	28	0	2
3785	4	1	28	0	2
3786	4	1	28	0	2
3787	4	1	28	0	2
3788	4	1	28	0	2
3789	4	1	28	0	2
3790	4	1	28	0	2
3791	3	1	28	0	2
3792	3	1	28	0	2
3793	3	1	28	0	2
3794	4	1	28	0	2
3795	4	1	28	0	2
3796	4	1	28	0	2
3797	4	1	28	0	2
3798	4	1	28	0	2
3799	4	1	28	0	2
3800	4	1	28	0	2
3801	4	1	28	0	2
3802	4	1	28	0	2
3803	4	1	28	0	2
3804	4	1	28	0	2
3805	4	1	28	0	2
3806	4	1	28	0	2
3807	4	1	28	0	2
3808	4	1	28	0	2
3809	4	1	28	0	2
3810	4	1	28	0	2
3811	4	1	28	0	2
3812	4	1	28	0	2
3813	4	1	28	0	2
3814	4	1	28	0	2
3815	4	1	28	0	2
3816	4	1	28	0	2
3817	4	1	28	0	2
3818	4	1	28	0	2
3819	4	1	28	0	2
3820	4	1	28	0	2
3821	4	1	28	0	2
3822	4	1	28	0	2
3823	4	1	28	0	2
3824	4	1	28	0	2
3825	4	1	28	0	2
3826	4	1	28	0	2
3827	4	1	28	0	2
3828	4	1	28	0	2
3829	4	1	28	0	2
3830	4	1	28	0	2
3831	4	1	28	0	2
3832	4	1	28	0	2
3833	4	1	28	0	2
3834	4	1	28	0	2
3835	4	1	28	0	2
3836	4	1	28	0	2
3837	4	1	28	0	2
3838	4	1	28	0	2
3839	4	1	28	0	2
3840	4	1	28	0	2
3841	4	1	28	0	2
3842	4	1	28	0	2
3843	4	1	28	0	2
3844	4	1	28	0	2
3845	4	1	28	0	2
3846	4	1	28	0	2
3847	4	1	28	0	2
3848	4	1	28	0	2
3849	4	1	28	0	2
3850	4	1	28	0	2
3851	4	1	28	0	2
3852	4	1	28	0	2
3853	4	1	28	0	2
3854	4	1	28	0	2
3855	4	1	28	0	2
3856	4	1	28	0	2
3857	4	1	28	0	2
3858	4	1	28	0	2
3859	4	1	28	0	2
3860	4	1	28	0	2
3861	4	1	28	0	2
3862	4	1	28	0	2
3863	4	1	28	0	2
3864	4	1	28	0	2
3865	4	1	28	0	2
3866	4	1	28	0	2
3867	4	1	28	0	2
3868	4	1	28	0	2
3869	3	1	28	0	2
3870	3	1	28	0	2
3871	3	1	28	0	2
3872	3	1	28	0	2
3873	3	1	28	0	2
3874	3	1	28	0	2
3875	3	1	28	0	2
3876	4	1	28	0	2
3877	3	1	28	0	2
3878	3	1	28	0	2
3879	3	1	28	0	2
3880	3	1	28	0	2
3881	3	1	28	0	2
3882	4	1	28	0	2
3883	4	1	28	0	2
3884	3	1	28	0	2
3885	3	1	28	0	2
3886	3	1	28	0	2
3887	3	1	28	0	2
3888	3	1	28	0	2
3889	3	1	28	0	2
3890	3	1	28	0	2
3891	4	1	28	0	2
3892	4	1	28	0	2
3893	4	1	28	0	2
3894	4	1	28	0	2
3895	4	1	28	0	2
3896	3	1	28	0	2
3897	3	1	28	0	2
3898	3	1	28	0	2
3899	3	1	28	0	2
3900	2	0	28	0	2
3901	1	0	28	0	2
3902	1	0	28	0	2
3903	1	0	28	0	2
3904	1	0	28	0	2
3905	2	1	28	0	2
3906	2	1	28	0	2
3907	2	1	28	0	2
3908	2	1	28	0	2
3909	2	1	28	0	2
3910	2	1	28	0	2
3911	2	1	28	0	2
3912	2	1	28	0	2
3913	2	1	28	0	2
3914	2	1	28	0	2
3915	2	1	28	0	2
3916	2	1	28	0	2
3917	2	1	28	0	2
3918	2	1	28	0	2
3919	2	1	28	0	2
3920	2	1	28	0	2
3921	2	1	28	0	2
3922	2	1	28	0	2
3923	2	1	28	0	2
3924	2	1	28	0	2
3925	2	1	28	0	2
3926	2	1	28	0	2
3927	2	1	28	0	2
3928	3	1	28	0	2
3929	3	1	28	0	2
3930	3	1	28	0	2
3931	3	1	28	0	2
3932	3	1	28	0	2
3933	3	1	28	0	2
3934	3	1	28	0	2
3935	3	1	28	0	2
3936	3	1	28	0	2
3937	3	1	28	0	2
3938	3	1	28	0	2
3939	3	1	28	0	2
3940	3	1	28	0	2
3941	3	1	28	0	2
3942	3	1	28	0	2
3943	3	1	28	0	2
3944	4	1	28	0	2
3945	4	1	28	0	2
3946	3	1	28	0	2
3947	3	1	28	0	2
3948	3	1	28	0	2
3949	3	1	28	0	2
3950	3	1	28	0	2
3951	3	1	28	0	2
3952	3	1	28	0	2
3953	3	1	28	0	2
3954	3	1	28	0	2
3955	3	1	28	0	2
3956	3	1	28	0	2
3957	3	1	28	0	2
3958	3	1	28	0	2
3959	3	1	28	0	2
3960	3	1	28	0	2
3961	3	1	28	0	2
3962	3	1	28	0	2
3963	3	1	28	0	2
3964	3	1	28	0	2
3965	4	1	28	0	2
3966	4	1	28	0	2
3967	4	1	28	0	2
3968	4	1	28	0	2
3969	4	1	28	0	2
3970	4	1	28	0	2
3971	3	1	28	0	2
3972	4	1	28	0	2
3973	4	1	28	0	2
3974	4	1	28	0	2
3975	4	1	28	0	2
3976	4	1	28	0	2
3977	4	1	28	0	2
3978	4	1	28	0	2
3979	4	1	28	0	2
3980	4	1	28	0	2
3981	4	1	28	0	2
3982	4	1	28	0	2
3983	4	1	28	0	2
3984	4	1	28	0	2
3985	4	1	28	0	2
3986	4	1	28	0	2
3987	4	1	28	0	2
3988	4	1	28	0	2
3989	4	1	28	0	2
3990	4	1	28	0	2
3991	4	1	28	0	2
3992	4	1	28	0	2
3993	4	1	28	0	2
3994	4	1	28	0	2
3995	4	1	28	0	2
3996	4	1	28	0	2
3997	4	1	28	0	2
3998	4	1	28	0	2
3999	4	1	28	0	2
4000	4	1	28	0	2
4001	3	1	28	0	2
4002	3	1	28	0	2
4003	3	1	28	0	2
4004	3	1	28	0	2
4005	4	1	28	0	2
4006	4	1	28	0	2
4007	4	1	28	0	2
4008	4	1	28	0	2
4009	4	1	28	0	2
4010	4	1	28	0	2
4011	4	1	28	0	2
4012	4	1	28	0	2
4013	4	1	28	0	2
4014	4	1	28	0	2
4015	2	1	28	0	2
4016	4	1	28	0	2
4017	3	1	28	0	2
4018	4	1	28	0	2
4019	3	1	28	0	2
4020	4	1	28	0	2
4021	4	1	28	0	2
4022	4	1	28	0	2
4023	4	1	28	0	2
4024	4	1	28	0	2
4025	4	1	28	0	2
4026	4	1	28	0	2
4027	4	1	28	0	2
4028	4	1	28	0	2
4029	4	1	28	0	2
4030	4	1	28	0	2
4031	4	1	28	0	2
4032	4	1	28	0	2
4033	4	1	28	0	2
4034	4	1	28	0	2
4035	4	1	28	0	2
4036	3	1	28	0	2
4037	3	1	28	0	2
4038	2	0	28	0	2
4039	3	1	28	0	2
4040	3	1	28	0	2
4041	3	1	28	0	2
4042	3	1	28	0	2
4043	3	1	28	0	2
4044	3	1	28	0	2
4045	3	1	28	0	2
4046	2	0	28	0	2
4047	2	0	28	0	2
4048	2	0	28	0	2
4049	2	0	28	0	2
4050	2	0	28	0	2
4051	2	0	28	0	2
4052	2	0	28	0	2
4053	2	0	28	0	2
4054	2	0	28	0	2
4055	2	0	28	0	2
4056	2	0	28	0	2
4057	2	0	28	0	2
4058	2	0	28	0	2
4059	2	0	28	0	2
4060	2	0	28	0	2
4061	2	0	28	0	2
4062	3	1	28	0	2
4063	2	0	28	0	2
4064	2	0	28	0	2
4065	3	1	28	0	2
4066	3	1	28	0	2
4067	3	1	28	0	2
4068	3	1	28	0	2
4069	2	0	28	0	2
4070	2	0	28	0	2
4071	2	0	28	0	2
4072	2	0	28	0	2
4073	2	0	28	0	2
4074	2	0	28	0	2
4075	2	0	28	0	2
4076	1	0	28	0	2
4077	1	0	28	0	2
4078	1	0	28	0	2
4079	2	0	28	0	2
4080	2	0	28	0	2
4081	2	0	28	0	2
4082	2	0	28	0	2
4083	2	0	28	0	2
4084	2	0	28	0	2
4085	2	0	28	0	2
4086	2	0	28	0	2
4087	1	0	28	0	2
4088	1	0	28	0	2
4089	1	0	28	0	2
4090	1	0	28	0	2
4091	1	0	28	0	2
4092	1	0	28	0	2
4093	2	0	28	0	2
4094	2	0	28	0	2
4095	2	0	28	0	2
4096	2	0	28	0	2
4097	2	0	28	0	2
4098	2	0	28	0	2
4099	2	0	28	0	2
4100	2	0	28	0	2
4101	2	0	28	0	2
4102	2	0	28	0	2
4103	2	0	28	0	2
4104	2	0	28	0	2
4105	2	0	28	0	2
4106	2	0	28	0	2
4107	2	0	28	0	2
4108	2	0	28	0	2
4109	2	0	28	0	2
4110	2	0	28	0	2
4111	1	0	28	0	2
4112	1	0	28	0	2
4113	1	0	28	0	2
4114	1	0	28	0	2
4115	2	0	28	0	2
4116	1	0	28	0	2
4117	2	0	28	0	2
4118	2	0	28	0	2
4119	2	0	28	0	2
4120	2	0	28	0	2
4121	2	0	28	0	2
4122	2	0	28	0	2
4123	2	0	28	0	2
4124	2	0	28	0	2
4125	2	0	28	0	2
4126	2	0	28	0	2
4127	2	0	28	0	2
4128	2	0	28	0	2
4129	2	0	28	0	2
4130	3	0	28	0	2
4131	2	0	28	0	2
4132	2	0	28	0	2
4133	2	0	28	0	2
4134	2	0	28	0	2
4135	2	0	28	0	2
4136	2	0	28	0	2
4137	2	0	28	0	2
4138	2	0	28	0	2
4139	2	0	28	0	2
4140	2	0	28	0	2
4141	2	0	28	0	2
4142	1	0	28	0	2
4143	2	0	28	0	2
4144	2	0	28	0	2
4145	2	0	28	0	2
4146	2	0	28	0	2
4147	2	0	28	0	2
4148	2	0	28	0	2
4149	1	0	28	0	2
4150	1	0	28	0	2
4151	1	0	28	0	2
4152	1	0	28	0	2
4153	2	0	28	0	2
4154	1	0	28	0	2
4155	1	0	28	0	2
4156	1	0	28	0	2
4157	1	0	28	0	2
4158	1	0	28	0	2
4159	1	0	28	0	2
4160	2	0	28	0	2
4161	2	0	28	0	2
4162	2	0	28	0	2
4163	2	0	28	0	2
4164	2	0	28	0	2
4165	2	0	28	0	2
4166	2	0	28	0	2
4167	2	0	28	0	2
4168	2	0	28	0	2
4169	2	0	28	0	2
4170	2	0	28	0	2
4171	2	0	28	0	2
4172	2	0	28	0	2
4173	1	0	28	0	2
4174	1	0	28	0	2
4175	1	0	28	0	2
4176	2	0	28	0	2
4177	2	0	28	0	2
4178	2	0	28	0	2
4179	1	0	28	0	2
4180	1	0	28	0	2
4181	2	0	28	0	2
4182	1	0	28	0	2
4183	1	0	28	0	2
4184	1	0	28	0	2
4185	1	0	28	0	2
4186	1	0	28	0	2
4187	1	0	28	0	2
4188	1	0	28	0	2
4189	1	0	28	0	2
4190	1	0	28	0	2
4191	1	0	28	0	2
4192	1	0	28	0	2
4193	1	0	28	0	2
4194	1	0	28	0	2
4195	1	0	28	0	2
4196	1	0	28	0	2
4197	1	0	28	0	2
4198	1	0	28	0	2
4199	1	0	28	0	2
4200	1	0	28	0	2
4201	1	0	28	0	2
4202	1	0	28	0	2
4203	1	0	28	0	2
4204	1	0	28	0	2
4205	1	0	28	0	2
4206	1	0	28	0	2
4207	1	0	28	0	2
4208	1	0	28	0	2
4209	1	0	28	0	2
4210	1	0	28	0	2
4211	1	0	28	0	2
4212	1	0	28	0	2
4213	1	0	28	0	2
4214	1	0	28	0	2
4215	1	0	28	0	2
4216	1	0	28	0	2
4217	1	0	28	0	2
4218	1	0	28	0	2
4219	2	0	28	0	2
4220	2	0	28	0	2
4221	1	0	28	0	2
4222	1	0	28	0	2
4223	1	0	28	0	2
4224	1	0	28	0	2
4225	1	0	28	0	2
4226	1	0	28	0	2
4227	1	0	28	0	2
4228	2	0	28	0	2
4229	2	0	28	0	2
4230	2	0	28	0	2
4231	2	0	28	0	2
4232	1	0	28	0	2
4233	1	0	28	0	2
4234	1	0	28	0	2
4235	2	0	28	0	2
4236	2	0	28	0	2
4237	2	0	28	0	2
4238	2	0	28	0	2
4239	2	0	28	0	2
4240	2	0	28	0	2
4241	2	0	28	0	2
4242	2	0	28	0	2
4243	2	0	28	0	2
4244	2	0	28	0	2
4245	2	0	28	0	2
4246	2	0	28	0	2
4247	2	0	28	0	2
4248	2	0	28	0	2
4249	1	0	28	0	2
4250	1	0	28	0	2
4251	2	0	28	0	2
4252	3	0	28	0	2
4253	3	0	28	0	2
4254	3	0	28	0	2
4255	3	0	28	0	2
4256	3	0	28	0	2
4257	3	0	28	0	2
4258	3	0	28	0	2
4259	3	0	28	0	2
4260	3	0	28	0	2
4261	3	0	28	0	2
4262	3	0	28	0	2
4263	3	0	28	0	2
4264	3	0	28	0	2
4265	2	0	28	0	2
4266	2	0	28	0	2
4267	2	0	28	0	2
4268	2	0	28	0	2
4269	2	0	28	0	2
4270	2	0	28	0	2
4271	2	0	28	0	2
4272	2	0	28	0	2
4273	2	0	28	0	2
4274	3	0	28	0	2
4275	3	0	28	0	2
4276	3	0	28	0	2
4277	3	0	28	0	2
4278	3	0	28	0	2
4279	3	0	28	0	2
4280	3	0	28	0	2
4281	3	0	28	0	2
4282	3	0	28	0	2
4283	2	0	28	0	2
4284	3	0	28	0	2
4285	2	0	28	0	2
4286	2	0	28	0	2
4287	2	0	28	0	2
4288	2	0	28	0	2
4289	2	0	28	0	2
4290	2	0	28	0	2
4291	2	0	28	0	2
4292	2	0	28	0	2
4293	2	0	28	0	2
4294	2	0	28	0	2
4295	2	0	28	0	2
4296	3	0	28	0	2
4297	3	0	28	0	2
4298	3	0	28	0	2
4299	3	0	28	0	2
4300	3	0	28	0	2
4301	3	0	28	0	2
4302	3	0	28	0	2
4303	2	0	28	0	2
4304	2	0	28	0	2
4305	2	0	28	0	2
4306	2	0	28	0	2
4307	2	0	28	0	2
4308	2	0	28	0	2
4309	2	0	28	0	2
4310	2	0	28	0	2
4311	2	0	28	0	2
4312	2	0	28	0	2
4313	2	0	28	0	2
4314	2	0	28	0	2
4315	2	0	28	0	2
4316	2	0	28	0	2
4317	2	0	28	0	2
4318	2	0	28	0	2
4319	2	0	28	0	2
4320	2	0	28	0	2
4321	3	0	28	0	2
4322	2	0	28	0	2
4323	3	0	28	0	2
4324	3	0	28	0	2
4325	3	0	28	0	2
4326	3	0	28	0	2
4327	3	0	28	0	2
4328	3	0	28	0	2
4329	3	0	28	0	2
4330	3	0	28	0	2
4331	3	0	28	0	2
4332	3	0	28	0	2
4333	3	0	28	0	2
4334	3	0	28	0	2
4335	3	0	28	0	2
4336	3	0	28	0	2
4337	3	0	28	0	2
4338	3	0	28	0	2
4339	3	0	28	0	2
4340	3	0	28	0	2
4341	3	0	28	0	2
4342	3	0	28	0	2
4343	3	0	28	0	2
4344	3	0	28	0	2
4345	3	0	28	0	2
4346	3	0	28	0	2
4347	3	0	28	0	2
4348	2	0	28	0	2
4349	2	0	28	0	2
4350	2	0	28	0	2
4351	2	0	28	0	2
4352	2	0	28	0	2
4353	2	0	28	0	2
4354	2	0	28	0	2
4355	2	0	28	0	2
4356	2	0	28	0	2
4357	2	0	28	0	2
4358	2	0	28	0	2
4359	2	0	28	0	2
4360	2	0	28	0	2
4361	2	0	28	0	2
4362	2	0	28	0	2
4363	2	0	28	0	2
4364	2	0	28	0	2
4365	2	0	28	0	2
4366	2	0	28	0	2
4367	2	0	28	0	2
4368	2	0	28	0	2
4369	2	0	28	0	2
4370	2	0	28	0	2
4371	2	0	28	0	2
4372	2	0	28	0	2
4373	2	0	28	0	2
4374	2	0	28	0	2
4375	2	0	28	0	2
4376	2	0	28	0	2
4377	2	0	28	0	2
4378	2	0	28	0	2
4379	2	0	28	0	2
4380	3	1	29	0	2
4381	2	0	29	0	2
4382	2	0	29	0	2
4383	2	0	29	0	2
4384	2	0	29	0	2
4385	2	0	29	0	2
4386	2	0	29	0	2
4387	2	0	29	0	2
4388	2	0	29	0	2
4389	2	0	29	0	2
4390	2	0	29	0	2
4391	2	0	29	0	2
4392	2	0	29	0	2
4393	2	0	29	0	2
4394	2	0	29	0	2
4395	2	0	29	0	2
4396	2	0	29	0	2
4397	2	0	29	0	2
4398	2	0	29	0	2
4399	2	0	29	0	2
4400	2	0	29	0	2
4401	2	0	29	0	2
4402	2	0	29	0	2
4403	2	0	29	0	2
4404	2	0	29	0	2
4405	3	1	30	0	2
4406	3	1	30	0	2
4407	3	1	30	0	2
4408	3	1	30	0	2
4409	2	0	30	0	2
4410	2	0	30	0	2
4411	3	1	30	0	2
4412	3	1	30	0	2
4413	3	1	30	0	2
4414	3	1	30	0	2
4415	3	1	30	0	2
4416	3	1	30	0	2
4417	3	1	30	0	2
4418	3	1	30	0	2
4419	2	0	30	0	2
4420	2	0	30	0	2
4421	3	1	30	0	2
4422	3	1	30	0	2
4423	3	1	30	0	2
4424	3	1	30	0	2
4425	3	1	30	0	2
4426	2	0	30	0	2
4427	2	0	30	0	2
4428	2	0	30	0	2
4429	2	0	30	0	2
4430	2	0	30	0	2
4431	2	0	30	0	2
4432	3	1	31	0	2
4433	3	1	31	0	2
4434	3	1	31	0	2
4435	3	1	31	0	2
4436	3	1	31	0	2
4437	3	1	31	0	2
4438	3	1	31	0	2
4439	3	1	31	0	2
4440	4	2	31	0	2
4441	4	2	31	0	2
4442	3	1	31	0	2
4443	3	1	31	0	2
4444	3	1	31	0	2
4445	3	1	31	0	2
4446	3	1	31	0	2
4447	3	1	31	0	2
4448	3	1	31	0	2
4449	3	1	31	0	2
4450	3	1	31	0	2
4451	3	1	31	0	2
4452	3	1	31	0	2
4453	3	1	31	0	2
4454	3	1	31	0	2
4455	3	1	31	0	2
4456	3	1	31	0	2
4457	3	1	31	0	2
4458	3	1	31	0	2
4459	3	1	31	0	2
4460	3	1	31	0	2
4461	3	1	31	0	2
4462	3	1	31	0	2
4463	3	1	31	0	2
4464	3	1	31	0	2
4465	3	1	31	0	2
4466	3	1	31	0	2
4467	3	1	31	0	2
4468	3	1	31	0	2
4469	3	1	31	0	2
4470	3	1	31	0	2
4471	3	1	31	0	2
4472	3	1	31	0	2
4473	3	1	31	0	2
4474	3	1	31	0	2
4475	3	1	31	0	2
4476	3	1	31	0	2
4477	3	1	31	0	2
4478	3	1	31	0	2
4479	3	1	31	0	2
4480	3	1	31	0	2
4481	3	1	31	0	2
4482	3	1	31	0	2
4483	3	1	31	0	2
4484	3	1	31	0	2
4485	3	1	31	0	2
4486	3	1	31	0	2
4487	3	1	31	0	2
4488	3	1	31	0	2
4489	3	1	31	0	2
4490	3	1	31	0	2
4491	3	1	31	0	2
4492	4	1	31	0	2
4493	4	1	31	0	2
4494	3	1	31	0	2
4495	3	1	31	0	2
4496	3	1	31	0	2
4497	2	1	31	0	2
4498	3	1	31	0	2
4499	3	1	31	0	2
4500	3	1	31	0	2
4501	4	1	31	0	2
4502	5	2	32	0	2
4503	4	1	32	0	2
4504	4	1	32	0	2
4505	4	1	32	0	2
4506	4	1	32	0	2
4507	5	2	32	0	2
4508	5	2	32	0	2
4509	5	2	32	0	2
4510	5	2	32	0	2
4511	5	2	32	0	2
4512	5	2	32	0	2
4513	5	2	32	0	2
4514	5	2	32	0	2
4515	4	1	32	0	2
4516	5	2	32	0	2
4517	4	1	32	0	2
4518	5	2	32	0	2
4519	5	2	32	0	2
4520	5	2	32	0	2
4521	5	2	32	0	2
4522	5	2	32	0	2
4523	5	2	32	0	2
4524	4	1	32	0	2
4525	4	1	32	0	2
4526	5	2	32	0	2
4527	5	2	32	0	2
4528	5	2	32	0	2
4529	5	2	32	0	2
4530	5	2	32	0	2
4531	5	2	32	0	2
4532	5	2	32	0	2
4533	5	2	32	0	2
4534	5	2	32	0	2
4535	5	2	32	0	2
4536	5	2	32	0	2
4537	5	2	32	0	2
4538	5	2	32	0	2
4539	5	2	32	0	2
4540	4	1	32	0	2
4541	4	1	32	0	2
4542	5	2	32	0	2
4543	4	1	32	0	2
4544	3	1	32	0	2
4545	3	1	32	0	2
4546	3	1	32	0	2
4547	3	1	32	0	2
4548	3	1	32	0	2
4549	3	1	32	0	2
4550	3	1	32	0	2
4551	3	1	32	0	2
4552	3	1	32	0	2
4553	3	1	32	0	2
4554	3	1	32	0	2
4555	3	1	32	0	2
4556	3	1	32	0	2
4557	3	1	32	0	2
4558	3	1	32	0	2
4559	3	1	32	0	2
4560	3	1	32	0	2
4561	3	1	32	0	2
4562	3	1	32	0	2
4563	3	1	32	0	2
4564	3	1	32	0	2
4565	3	1	32	0	2
4566	3	1	32	0	2
4567	3	1	32	0	2
4568	3	1	32	0	2
4569	3	1	32	0	2
4570	3	1	32	0	2
4571	3	1	32	0	2
4572	3	1	32	0	2
4573	3	1	32	0	2
4574	3	1	32	0	2
4575	3	1	32	0	2
4576	3	1	32	0	2
4577	3	1	32	0	2
4578	3	1	32	0	2
4579	3	1	32	0	2
4580	3	1	32	0	2
4581	3	1	32	0	2
4582	3	1	32	0	2
4583	3	1	32	0	2
4584	3	1	32	0	2
4585	3	1	32	0	2
4586	3	1	32	0	2
4587	3	1	32	0	2
4588	3	1	32	0	2
4589	3	1	32	0	2
4590	3	1	32	0	2
4591	3	1	32	0	2
4592	3	1	32	0	2
4593	3	1	32	0	2
4594	3	1	32	0	2
4595	3	1	32	0	2
4596	3	1	32	0	2
4597	3	1	32	0	2
4598	3	1	32	0	2
4599	3	1	32	0	2
4600	3	1	32	0	2
4601	3	1	32	0	2
4602	3	1	32	0	2
4603	3	1	32	0	2
4604	3	1	32	0	2
4605	3	1	32	0	2
4606	3	1	32	0	2
4607	3	1	32	0	2
4608	3	1	32	0	2
4609	3	1	32	0	2
4610	3	1	32	0	2
4611	3	1	32	0	2
4612	3	1	32	0	2
4613	3	1	32	0	2
4614	3	1	32	0	2
4615	3	1	32	0	2
4616	3	1	32	0	2
4617	3	1	32	0	2
4618	3	1	32	0	3
4619	3	1	32	0	3
4620	3	1	32	0	3
4621	3	1	32	0	3
4622	3	1	32	0	3
4623	3	1	32	0	3
4624	3	1	32	0	3
4625	3	1	32	0	3
4626	3	1	32	0	3
4627	3	1	32	0	3
4628	3	1	32	0	3
4629	3	1	32	0	3
4630	3	1	32	0	3
4631	3	1	32	0	3
4632	2	0	32	0	3
4633	2	0	32	0	3
4634	2	0	32	0	3
4635	2	0	32	0	3
4636	2	0	32	0	3
4637	2	0	32	0	3
4638	2	0	32	0	3
4639	2	0	32	0	3
4640	2	0	32	0	3
4641	2	0	32	0	3
4642	2	0	32	0	3
4643	2	0	32	0	3
4644	2	0	32	0	3
4645	2	0	32	0	3
4646	2	0	32	0	3
4647	2	0	32	0	3
4648	2	0	32	0	3
4649	2	0	32	0	3
4650	2	0	32	0	3
4651	2	0	32	0	3
4652	2	0	32	0	3
4653	2	0	32	0	3
4654	2	0	32	0	3
4655	2	0	32	0	3
4656	2	0	32	0	3
4657	2	0	32	0	3
4658	2	0	32	0	3
4659	2	0	32	0	3
4660	2	0	32	0	3
4661	2	0	32	0	3
4662	2	0	32	0	3
4663	2	0	32	0	3
4664	2	0	32	0	3
4665	2	0	32	0	3
4666	2	0	32	0	3
4667	2	0	32	0	3
4668	2	0	32	0	3
4669	2	0	32	0	3
4670	2	0	32	0	3
4671	2	0	32	0	3
4672	2	0	32	0	3
4673	2	0	32	0	3
4674	2	0	32	0	3
4675	2	0	32	0	3
4676	2	0	32	0	3
4677	2	0	32	0	3
4678	2	0	32	0	3
4679	2	0	32	0	3
4680	2	0	32	0	3
4681	2	0	32	0	3
4682	2	0	32	0	3
4683	2	0	32	0	3
4684	2	0	32	0	3
4685	2	0	32	0	3
4686	2	0	32	0	3
4687	2	0	32	0	3
4688	2	0	32	0	3
4689	2	0	32	0	3
4690	2	0	32	0	3
4691	2	0	32	0	3
4692	2	0	32	0	3
4693	2	0	32	0	3
4694	2	0	32	0	3
4695	2	0	32	0	3
4696	2	0	32	0	3
4697	2	0	32	0	3
4698	2	0	32	0	3
4699	2	0	32	0	3
4700	2	0	32	0	3
4701	2	0	32	0	3
4702	2	0	32	0	3
4703	2	0	32	0	3
4704	2	0	32	0	3
4705	2	0	32	0	3
4706	2	0	32	0	3
4707	2	0	32	0	3
4708	2	0	32	0	3
4709	2	0	32	0	3
4710	2	0	32	0	3
4711	2	0	32	0	3
4712	2	0	32	0	3
4713	2	0	32	0	3
4714	2	0	32	0	3
4715	2	0	32	0	3
4716	2	0	32	0	3
4717	2	0	32	0	3
4718	2	0	32	0	3
4719	2	0	32	0	3
4720	2	0	32	0	3
4721	2	0	32	0	3
4722	2	0	32	0	3
4723	2	0	32	0	3
4724	2	0	32	0	3
4725	2	0	32	0	3
4726	2	0	32	0	3
4727	2	0	32	0	3
4728	2	0	32	0	3
4729	2	0	32	0	3
