Frame	Objetos_Detectados	IDs_Confirmados	IDs_Unicos	En_Zonas	Cruzaron_Lineas
1	2	2	2	0	0
2	2	2	2	0	0
3	2	2	2	0	0
4	2	2	2	0	0
5	2	2	2	0	0
6	2	2	2	0	0
7	2	2	2	0	0
8	2	2	2	0	0
9	2	2	2	0	0
10	2	2	2	0	0
11	2	2	2	0	0
12	2	2	2	0	0
13	2	2	2	0	0
14	1	1	2	0	0
15	1	1	2	0	0
16	3	3	3	0	0
17	3	3	3	0	0
18	3	3	3	0	0
19	3	3	3	0	0
20	3	3	3	0	0
21	3	3	3	0	0
22	3	3	3	0	0
23	3	3	3	0	0
24	3	3	3	0	0
25	3	3	3	0	0
26	3	3	3	0	0
27	3	3	3	0	0
28	3	3	3	0	0
29	3	3	3	0	0
30	3	3	3	0	0
31	3	3	3	0	0
32	3	3	3	0	0
33	2	2	3	0	0
34	2	2	3	0	0
35	2	2	3	0	0
36	2	2	3	0	0
37	2	2	3	0	0
38	2	2	3	0	0
39	2	2	3	0	0
40	2	2	3	0	0
41	2	2	3	0	0
42	2	2	3	0	0
43	2	2	3	0	0
44	2	2	3	0	0
45	2	2	3	0	0
46	2	2	3	0	0
47	2	2	3	0	0
48	2	2	3	0	0
49	2	2	3	0	0
50	2	2	3	0	0
51	2	2	3	0	0
52	2	2	3	0	0
53	2	2	3	0	0
54	2	2	3	0	0
55	2	2	3	0	0
56	2	2	3	0	0
57	2	2	3	0	0
58	2	2	3	0	0
59	2	2	3	0	0
60	2	2	3	0	0
61	2	2	3	0	0
62	2	2	3	0	0
63	2	2	3	0	0
64	2	2	3	0	0
65	2	2	3	0	0
66	3	3	4	0	0
67	3	3	5	0	0
68	3	3	5	0	0
69	3	3	5	0	0
70	4	4	5	0	0
71	3	3	5	0	0
72	3	3	5	0	0
73	3	3	5	0	0
74	3	3	5	0	0
75	3	3	5	0	0
76	3	3	6	0	0
77	4	4	6	0	0
78	4	4	6	0	0
79	4	4	6	0	0
80	3	3	6	0	0
81	3	3	6	0	0
82	3	3	6	0	0
83	4	4	6	0	0
84	3	3	6	0	0
85	3	3	6	0	0
86	2	2	6	0	0
87	4	4	6	0	0
88	4	4	6	0	0
89	4	4	6	0	0
90	4	4	6	0	0
91	5	5	6	0	0
92	5	5	6	0	0
93	5	5	6	0	0
94	5	5	6	0	0
95	5	5	6	0	0
96	5	5	6	0	0
97	5	5	6	0	0
98	5	5	6	0	0
99	5	5	6	0	0
100	5	5	6	0	0
101	5	5	6	0	0
102	5	5	6	0	0
103	5	5	6	0	0
104	5	5	6	0	0
105	5	5	6	0	0
106	5	5	6	0	0
107	5	5	6	0	0
108	5	5	6	0	0
109	5	5	6	0	0
110	5	5	6	0	0
111	5	5	6	0	0
112	5	5	6	0	0
113	5	5	6	0	0
114	5	5	6	0	0
115	5	5	6	0	0
116	5	5	6	0	0
117	5	5	6	0	0
118	4	4	6	0	0
119	4	4	6	0	0
120	4	4	6	0	0
121	3	3	6	0	0
122	4	4	6	0	0
123	4	4	6	0	0
124	4	4	6	0	0
125	4	4	6	0	0
126	5	5	6	0	0
127	4	4	6	0	0
128	4	4	6	0	0
129	4	4	6	0	0
130	4	4	6	0	0
131	4	4	6	0	0
132	4	4	6	0	0
133	3	3	6	0	0
134	3	3	6	0	0
135	3	3	6	0	0
136	2	2	6	0	0
137	2	2	6	0	0
138	3	3	6	0	0
139	3	3	6	0	0
140	2	2	6	0	0
141	2	2	6	0	0
142	2	2	6	0	0
143	2	2	6	0	0
144	2	2	6	0	0
145	3	3	6	0	0
146	3	3	6	0	0
147	4	4	6	0	0
148	3	3	6	0	0
149	3	3	6	0	0
150	4	4	6	0	0
151	4	4	6	0	0
152	2	2	6	0	0
153	3	3	6	0	0
154	2	2	6	0	0
155	3	3	6	0	0
156	3	3	6	0	0
157	3	3	6	0	0
158	3	3	6	0	0
159	3	3	6	0	0
160	3	3	6	0	0
161	3	3	6	0	0
162	3	3	6	0	0
163	3	3	6	0	0
164	4	4	6	0	0
165	3	3	6	0	0
166	3	3	6	0	0
167	4	4	6	0	0
168	3	3	6	0	0
169	3	3	6	0	0
170	3	3	6	0	0
171	4	4	6	0	0
172	3	3	6	0	0
173	3	3	6	0	0
174	3	3	6	0	0
175	4	4	6	0	0
176	3	3	6	0	0
177	4	4	6	0	0
178	4	4	6	0	0
179	4	4	6	0	0
180	4	4	6	0	0
181	4	4	6	0	0
182	4	4	6	0	0
183	3	3	6	0	0
184	3	3	6	0	0
185	4	4	7	0	0
186	4	4	7	0	0
187	4	4	7	0	0
188	5	5	7	0	0
189	4	4	7	0	0
190	4	4	7	0	0
191	5	5	7	0	0
192	5	5	7	0	0
193	4	4	7	0	0
194	5	5	7	0	0
195	3	3	7	0	0
196	4	4	7	0	0
197	4	4	7	0	0
198	3	3	7	0	0
199	4	4	7	0	0
200	3	3	7	0	0
201	3	3	7	0	0
202	4	4	7	0	0
203	4	4	7	0	0
204	3	3	7	0	0
205	4	4	7	0	0
206	4	4	7	0	0
207	4	4	7	0	0
208	4	4	7	0	0
209	4	4	7	0	0
210	4	4	7	0	0
211	3	3	7	0	0
212	3	3	7	0	0
213	3	3	7	0	0
214	3	3	7	0	0
215	3	3	7	0	0
216	3	3	7	0	0
217	3	3	7	0	0
218	3	3	7	0	0
219	3	3	7	0	0
220	3	3	7	0	0
221	3	3	7	0	0
222	3	3	7	0	0
223	3	3	7	0	0
224	3	3	7	0	0
225	3	3	7	0	0
226	3	3	7	0	0
227	3	3	7	0	0
228	3	3	7	0	0
229	3	3	7	0	0
230	3	3	7	0	0
231	3	3	7	0	0
232	3	3	7	0	0
233	3	3	7	0	0
234	3	3	7	0	0
235	3	3	7	0	0
236	3	3	7	0	0
237	3	3	7	0	0
238	3	3	7	0	0
239	2	2	7	0	0
240	2	2	7	0	0
241	3	3	7	0	0
242	2	2	7	0	0
243	3	3	7	0	0
244	3	3	7	0	0
245	3	3	7	0	0
246	2	2	7	0	0
247	3	3	7	0	0
248	3	3	7	0	0
249	2	2	7	0	0
250	2	2	7	0	0
251	3	3	7	0	0
252	4	4	8	0	0
253	4	4	8	0	0
254	4	4	8	0	0
255	4	4	8	0	0
256	4	4	8	0	0
257	4	4	8	0	0
258	4	4	8	0	0
259	5	5	9	0	0
260	5	5	9	0	0
261	4	4	9	0	0
262	4	4	9	0	0
263	4	4	9	0	0
264	4	4	9	0	0
265	4	4	9	0	0
266	4	4	9	0	0
267	4	4	9	0	0
268	4	4	9	0	0
269	4	4	9	0	0
270	4	4	9	0	0
271	4	4	9	0	0
272	4	4	9	0	0
273	4	4	9	0	0
274	4	4	9	0	0
275	4	4	9	0	0
276	4	4	9	0	0
277	4	4	9	0	0
278	4	4	9	0	0
279	4	4	9	0	0
280	4	4	9	0	0
281	4	4	9	0	0
282	4	4	9	0	0
283	4	4	9	0	0
284	4	4	9	0	0
285	4	4	9	0	0
286	4	4	9	0	0
287	4	4	9	0	0
288	4	4	9	0	0
289	4	4	9	0	0
290	4	4	9	0	0
291	4	4	9	0	0
292	4	4	9	0	0
293	4	4	9	0	0
294	4	4	9	0	0
295	4	4	9	0	0
296	4	4	9	0	0
297	4	4	9	0	0
298	4	4	9	0	0
299	4	4	9	0	0
300	4	4	9	0	0
301	4	4	9	0	0
302	3	3	9	0	0
303	3	3	9	0	0
304	3	3	9	0	0
305	3	3	9	0	0
306	4	4	9	0	0
307	4	4	9	0	0
308	3	3	9	0	0
309	3	3	9	0	0
310	3	3	9	0	0
311	4	4	9	0	0
