Frame	Objetos_Detectados	IDs_Confirmados	IDs_Unicos	En_Zonas	Cruzaron_Lineas
1	8	1	1	0	0
2	8	1	1	0	0
3	8	1	1	0	0
4	8	1	1	0	0
5	8	1	1	0	0
6	8	1	1	0	0
7	8	1	1	0	0
8	8	1	1	0	0
9	8	1	1	0	0
10	8	1	1	0	0
11	8	1	1	0	0
12	8	1	1	0	0
13	8	1	1	0	0
14	8	1	1	0	0
15	8	1	1	0	0
16	8	1	1	0	0
17	8	1	1	0	0
18	8	1	1	0	0
19	8	1	1	0	0
20	8	1	1	0	0
21	8	1	1	0	0
22	8	1	1	0	0
23	8	1	1	0	0
24	8	1	1	0	0
25	8	1	1	0	0
26	8	1	1	0	0
27	8	1	1	0	0
28	8	1	1	0	0
29	8	1	1	0	0
30	8	1	1	0	0
31	8	1	1	0	0
32	9	1	1	0	0
33	9	1	1	0	0
34	9	1	1	0	0
35	9	1	1	0	0
36	9	1	1	0	0
37	9	1	1	0	0
38	9	1	1	0	0
39	9	1	1	0	0
40	9	1	1	0	0
41	9	1	1	0	0
42	9	1	1	0	0
43	9	1	1	0	0
44	9	1	1	0	0
45	9	1	1	0	0
46	9	1	1	0	0
47	10	1	1	0	0
48	10	1	1	0	0
49	10	1	1	0	0
50	10	1	1	0	0
51	10	1	1	0	0
52	10	1	1	0	0
53	10	1	1	0	0
54	10	1	1	0	0
55	10	1	1	0	0
56	10	1	1	0	0
57	10	1	1	0	0
58	10	1	1	0	0
59	10	1	1	0	0
60	10	1	1	0	0
61	10	1	1	0	0
62	10	1	1	0	0
63	10	1	1	0	0
64	10	1	1	0	0
65	10	1	1	0	0
66	10	1	1	0	0
67	10	1	1	0	0
68	10	1	1	0	0
69	10	1	1	0	0
70	10	1	1	0	0
71	10	1	1	0	0
72	11	2	2	0	0
73	11	2	2	0	0
74	11	2	2	0	0
75	11	2	2	0	0
76	11	2	2	0	0
77	11	2	2	0	0
78	11	2	2	0	0
79	11	2	2	0	0
80	11	2	2	0	0
81	11	2	2	0	0
82	11	2	2	0	0
83	11	2	2	0	0
84	11	2	2	0	0
85	11	2	2	0	0
86	11	2	2	0	0
87	11	2	2	0	0
88	11	2	2	0	0
89	11	2	2	0	0
90	11	2	2	0	0
91	11	2	2	0	0
92	11	2	2	0	0
93	11	2	2	0	0
94	11	2	2	0	0
95	11	2	2	0	0
96	11	2	2	0	0
97	11	2	2	0	0
98	11	2	2	0	0
99	11	2	2	0	0
100	12	2	2	0	0
101	12	2	2	0	0
102	12	2	2	0	0
103	12	2	2	0	0
104	12	2	2	0	0
105	12	2	2	0	0
106	12	2	2	0	0
107	12	2	2	0	0
108	12	2	2	0	0
109	12	2	2	0	0
110	12	2	2	0	0
111	12	2	2	0	0
112	12	2	2	0	0
113	12	2	2	0	0
114	12	2	2	0	0
115	12	2	2	0	0
116	12	2	2	0	0
117	12	2	2	0	0
118	12	2	2	0	0
119	12	2	2	0	0
120	12	2	2	0	0
121	12	2	2	0	0
122	12	2	2	0	0
123	11	2	2	0	0
124	11	2	2	0	0
125	11	2	2	0	0
126	11	2	2	0	0
127	11	2	2	0	0
128	11	2	2	0	0
129	11	2	2	0	0
130	11	2	2	0	0
131	11	2	2	0	0
132	11	2	2	0	0
133	11	2	2	0	0
134	11	2	2	0	0
135	11	2	2	0	0
136	11	2	2	0	0
137	11	2	2	0	0
138	11	2	2	0	0
139	11	2	2	0	0
140	12	2	2	0	0
141	12	2	2	0	0
142	11	2	2	0	0
143	13	2	2	0	0
144	13	2	2	0	0
145	12	2	2	0	0
146	11	2	2	0	0
147	10	2	2	0	0
148	11	2	2	0	0
149	10	1	2	0	0
150	10	2	2	0	0
151	10	2	2	0	0
152	10	1	2	0	0
153	10	2	2	0	0
154	11	2	2	0	0
155	11	2	2	0	0
156	11	2	2	0	0
157	11	2	2	0	0
158	10	2	2	0	0
159	11	3	3	0	0
160	10	3	3	0	0
161	10	3	3	0	0
162	9	2	3	0	0
163	9	2	3	0	0
164	9	2	3	0	0
165	8	2	3	0	0
166	7	2	3	0	0
167	7	2	3	0	0
168	8	2	3	0	0
169	7	1	3	0	0
170	8	2	3	0	0
171	8	2	3	0	0
172	7	2	3	0	0
173	7	2	3	0	0
174	7	2	3	0	0
175	7	2	3	0	0
176	7	2	3	0	0
177	7	2	3	0	0
178	9	2	3	0	0
179	9	2	3	0	0
180	9	2	3	0	0
181	9	2	3	0	0
182	9	2	3	0	0
183	9	2	3	0	0
184	9	2	3	0	0
185	9	2	3	0	0
186	9	2	3	0	0
187	8	2	3	0	0
188	7	2	3	0	0
189	8	1	3	0	0
190	8	2	3	0	0
191	8	2	3	0	0
192	8	2	3	0	0
193	8	2	3	0	0
194	8	2	3	0	0
195	8	2	3	0	0
196	9	2	3	0	0
197	10	2	3	0	0
198	9	1	3	0	0
199	9	1	3	0	0
200	9	1	3	0	0
201	9	1	3	0	0
202	9	1	3	0	0
203	9	1	3	0	0
204	9	1	3	0	0
205	9	1	3	0	0
206	10	1	3	0	0
207	10	1	3	0	0
208	10	1	3	0	0
209	10	1	3	0	0
210	10	1	3	0	0
211	10	1	3	0	0
212	10	1	3	0	0
213	10	1	3	0	0
214	10	1	3	0	0
215	10	1	3	0	0
216	10	1	3	0	0
217	10	1	3	0	0
218	10	1	3	0	0
219	10	1	3	0	0
220	10	1	3	0	0
221	10	1	3	0	0
222	10	1	3	0	0
223	10	1	3	0	0
224	10	1	3	0	0
225	10	1	3	0	0
226	10	1	3	0	0
227	10	1	3	0	0
228	10	1	3	0	0
229	10	1	3	0	0
230	10	1	3	0	0
231	11	2	4	0	0
232	11	2	4	0	0
233	12	2	4	0	0
234	12	2	4	0	0
235	12	2	4	0	0
236	12	2	4	0	0
237	12	2	4	0	0
238	12	2	4	0	0
239	12	2	4	0	0
240	12	2	4	0	0
241	12	2	4	0	0
242	12	2	4	0	0
243	12	2	4	0	0
244	12	2	4	0	0
245	12	2	4	0	0
246	12	2	4	0	0
247	12	2	4	0	0
248	12	2	4	0	0
249	12	2	4	0	0
250	12	2	4	0	0
251	12	2	4	0	0
252	15	2	4	0	0
253	15	2	4	0	0
254	15	2	4	0	0
255	15	2	4	0	0
256	15	2	4	0	0
257	14	2	4	0	0
258	15	2	4	0	0
259	15	2	4	0	0
260	15	2	4	0	0
261	15	2	4	0	0
262	15	2	4	0	0
263	15	2	4	0	0
264	15	2	4	0	0
265	14	1	4	0	0
266	14	1	4	0	0
267	14	1	4	0	0
268	14	1	4	0	0
269	14	1	4	0	0
270	14	1	4	0	0
271	14	1	4	0	0
272	14	1	4	0	0
273	14	1	4	0	0
274	14	1	4	0	0
275	14	1	4	0	0
276	14	1	4	0	0
277	14	1	4	0	0
278	14	1	4	0	0
279	14	1	4	0	0
280	14	1	4	0	0
281	14	1	4	0	0
282	14	1	4	0	0
283	14	1	4	0	0
284	14	1	4	0	0
285	14	1	4	0	0
286	14	1	4	0	0
287	14	1	4	0	0
288	14	1	4	0	0
289	13	1	4	0	0
290	13	1	4	0	0
291	13	1	4	0	0
292	13	1	4	0	0
293	13	1	4	0	0
294	13	1	4	0	0
295	13	1	4	0	0
296	13	1	4	0	0
297	13	1	4	0	0
298	13	1	4	0	0
299	13	1	4	0	0
300	13	1	4	0	0
301	14	1	4	0	0
302	14	1	4	0	0
303	14	1	4	0	0
304	14	1	4	0	0
305	14	1	4	0	0
306	14	1	4	0	0
307	14	1	4	0	0
308	14	1	4	0	0
309	14	1	4	0	0
310	14	1	4	0	0
311	14	1	4	0	0
312	14	1	4	0	0
313	14	1	4	0	0
314	14	1	4	0	0
315	14	1	4	0	0
316	14	1	4	0	0
317	14	1	4	0	0
318	14	1	4	0	0
319	14	1	4	0	0
320	14	1	4	0	0
321	14	1	4	0	0
322	14	1	4	0	0
323	13	1	4	0	0
324	14	2	5	0	0
325	13	1	5	0	0
326	12	1	5	0	0
327	12	1	5	0	0
328	12	1	5	0	0
329	13	2	6	0	0
330	13	2	6	0	0
331	13	2	6	0	0
332	13	1	6	0	0
333	13	1	6	0	0
334	13	1	6	0	0
335	13	1	6	0	0
336	13	1	6	0	0
337	13	1	6	0	0
338	13	1	6	0	0
339	13	1	6	0	0
340	13	1	6	0	0
341	13	1	6	0	0
342	13	1	6	0	0
343	13	1	6	0	0
344	13	1	6	0	0
345	13	1	6	0	0
346	13	1	6	0	0
347	13	1	6	0	0
348	13	1	6	0	0
349	13	1	6	0	0
350	14	2	7	0	0
351	14	2	7	0	0
352	14	2	7	0	0
353	13	2	7	0	0
354	13	2	7	0	0
355	13	2	7	0	0
356	13	2	7	0	0
357	13	2	7	0	0
358	13	2	7	0	0
359	13	2	7	0	0
360	13	2	7	0	0
361	13	2	7	0	0
362	12	2	7	0	0
363	12	2	7	0	0
364	12	2	7	0	0
365	12	2	7	0	0
366	12	2	7	0	0
367	12	2	7	0	0
368	12	2	7	0	0
369	11	2	7	0	0
370	11	2	7	0	0
371	11	2	7	0	0
372	11	2	7	0	0
373	11	2	7	0	0
374	12	2	7	0	0
375	12	2	7	0	0
376	13	2	7	0	0
377	13	2	7	0	0
378	13	2	7	0	0
379	13	2	7	0	0
380	13	2	7	0	0
381	13	2	7	0	0
382	14	2	7	0	0
383	14	2	7	0	0
384	14	2	7	0	0
385	14	2	7	0	0
386	14	2	7	0	0
387	14	2	7	0	0
388	14	2	7	0	0
389	14	2	7	0	0
390	14	2	7	0	0
391	14	2	7	0	0
392	14	2	7	0	0
393	14	2	7	0	0
394	14	2	7	0	0
395	14	2	7	0	0
396	14	2	7	0	0
397	14	2	7	0	0
398	14	2	7	0	0
399	13	2	7	0	0
400	13	2	7	0	0
401	13	2	7	0	0
402	13	2	7	0	0
403	13	2	7	0	0
404	13	2	7	0	0
405	13	2	7	0	0
406	12	2	7	0	0
407	12	2	7	0	0
408	12	2	7	0	0
409	12	2	7	0	0
410	12	2	7	0	0
411	13	2	7	0	0
412	13	2	7	0	0
413	13	2	7	0	0
414	13	2	7	0	0
415	13	2	7	0	0
416	13	2	7	0	0
417	13	2	7	0	0
418	13	2	7	0	0
419	13	2	7	0	0
420	13	2	7	0	0
421	13	2	7	0	0
422	13	2	7	0	0
423	13	2	7	0	0
424	13	2	7	0	0
425	13	2	7	0	0
426	13	2	7	0	0
427	13	2	7	0	0
428	13	2	7	0	0
429	13	2	7	0	0
430	13	2	7	0	0
431	14	2	7	0	0
432	14	2	7	0	0
433	14	2	7	0	0
434	14	2	7	0	0
435	14	2	7	0	0
436	14	2	7	0	0
437	14	2	7	0	0
438	14	2	7	0	0
439	14	2	7	0	0
440	14	2	7	0	0
441	14	2	7	0	0
442	14	2	7	0	0
443	14	2	7	0	0
444	14	2	7	0	0
445	14	2	7	0	0
446	14	2	7	0	0
447	14	2	7	0	0
448	14	2	7	0	0
449	14	2	7	0	0
450	14	2	7	0	0
451	14	2	7	0	0
452	14	2	7	0	0
453	14	2	7	0	0
454	14	2	7	0	0
455	14	2	7	0	0
456	14	2	7	0	0
457	14	2	7	0	0
458	14	2	7	0	0
459	14	2	7	0	0
460	14	2	7	0	0
461	14	2	7	0	0
462	14	2	7	0	0
463	13	1	7	0	0
464	13	1	7	0	0
465	13	1	7	0	0
466	13	1	7	0	0
467	13	1	7	0	0
468	13	1	7	0	0
469	13	1	7	0	0
470	13	1	7	0	0
471	13	1	7	0	0
472	13	1	7	0	0
473	13	1	7	0	0
474	13	1	7	0	0
475	13	1	7	0	0
476	13	1	7	0	0
477	14	2	8	0	0
478	14	2	8	0	0
479	14	2	8	0	0
480	14	2	8	0	0
481	14	2	8	0	0
482	14	2	8	0	0
483	14	2	8	0	0
484	14	2	8	0	0
485	14	2	8	0	0
486	14	2	8	0	0
487	14	2	8	0	0
488	14	2	8	0	0
489	14	2	8	0	0
490	14	2	8	0	0
491	14	2	8	0	0
492	14	2	8	0	0
493	14	2	8	0	0
494	14	2	8	0	0
495	14	2	8	0	0
496	14	2	8	0	0
497	14	2	8	0	0
498	15	2	8	0	0
499	14	1	8	0	0
500	14	1	8	0	0
501	13	1	8	0	0
502	14	1	8	0	0
503	14	1	8	0	0
504	14	1	8	0	0
505	14	1	8	0	0
506	14	1	8	0	0
507	14	1	8	0	0
508	14	1	8	0	0
509	14	1	8	0	0
510	14	1	8	0	0
511	14	1	8	0	0
512	14	1	8	0	0
513	14	1	8	0	0
514	14	1	8	0	0
515	15	1	8	0	0
516	15	1	8	0	0
517	15	1	8	0	0
518	15	1	8	0	0
519	15	1	8	0	0
520	15	1	8	0	0
521	15	1	8	0	0
522	15	1	8	0	0
523	15	1	8	0	0
524	15	1	8	0	0
525	15	1	8	0	0
526	15	1	8	0	0
527	15	1	8	0	0
528	15	1	8	0	0
529	15	1	8	0	0
530	15	1	8	0	0
531	15	1	8	0	0
532	15	1	8	0	0
533	15	1	8	0	0
534	15	1	8	0	0
535	15	1	8	0	0
536	15	1	8	0	0
537	15	1	8	0	0
538	15	1	8	0	0
539	15	1	8	0	0
540	15	1	8	0	0
541	15	1	8	0	0
542	15	1	8	0	0
543	15	1	8	0	0
544	15	1	8	0	0
545	15	1	8	0	0
546	15	1	8	0	0
547	15	1	8	0	0
548	15	1	8	0	0
549	15	1	8	0	0
550	15	1	8	0	0
551	15	1	8	0	0
552	15	1	8	0	0
553	15	1	8	0	0
554	15	1	8	0	0
555	15	1	8	0	0
556	15	1	8	0	0
557	14	1	8	0	0
558	14	1	8	0	0
559	14	1	8	0	0
560	14	1	8	0	0
561	14	1	8	0	0
562	14	1	8	0	0
563	14	1	8	0	0
564	14	1	8	0	0
565	14	1	8	0	0
566	14	1	8	0	0
567	14	1	8	0	0
568	14	1	8	0	0
569	14	1	8	0	0
570	14	1	8	0	0
571	14	1	8	0	0
572	14	1	8	0	0
573	14	1	8	0	0
574	14	1	8	0	0
575	14	1	8	0	0
576	14	1	8	0	0
577	14	1	8	0	0
578	14	1	8	0	0
579	14	1	8	0	0
580	14	1	8	0	0
581	14	1	8	0	0
582	14	1	8	0	0
583	14	1	8	0	0
584	14	1	8	0	0
585	14	1	8	0	0
586	14	1	8	0	0
587	14	1	8	0	0
588	14	1	8	0	0
589	14	1	8	0	0
590	14	1	8	0	0
591	14	1	8	0	0
592	14	1	8	0	0
593	14	1	8	0	0
594	14	1	8	0	0
595	14	1	8	0	0
596	14	1	8	0	0
597	14	1	8	0	0
598	14	1	8	0	0
599	14	1	8	0	0
600	14	1	8	0	0
601	14	1	8	0	0
602	14	1	8	0	0
603	14	1	8	0	0
604	14	1	8	0	0
605	14	1	8	0	0
606	14	1	8	0	0
607	14	1	8	0	0
608	14	1	8	0	0
609	14	1	8	0	0
610	14	1	8	0	0
611	14	1	8	0	0
612	14	1	8	0	0
613	14	1	8	0	0
614	14	1	8	0	0
615	14	1	8	0	0
616	14	1	8	0	0
617	14	1	8	0	0
618	15	1	8	0	0
619	15	1	8	0	0
620	15	1	8	0	0
621	15	1	8	0	0
622	15	1	8	0	0
623	15	1	8	0	0
624	15	1	8	0	0
625	15	1	8	0	0
626	15	1	8	0	0
627	15	1	8	0	0
628	15	1	8	0	0
629	15	1	8	0	0
630	15	1	8	0	0
631	15	1	8	0	0
632	15	1	8	0	0
633	15	1	8	0	0
634	15	1	8	0	0
635	15	1	8	0	0
636	15	1	8	0	0
637	15	1	8	0	0
638	15	1	8	0	0
639	15	1	8	0	0
640	15	1	8	0	0
641	15	1	8	0	0
642	15	1	8	0	0
643	15	1	8	0	0
644	15	1	8	0	0
645	15	1	8	0	0
646	15	1	8	0	0
647	15	1	8	0	0
648	15	1	8	0	0
649	15	1	8	0	0
650	15	1	8	0	0
651	15	1	8	0	0
652	15	1	8	0	0
653	15	1	8	0	0
654	15	1	8	0	0
655	15	1	8	0	0
656	15	1	8	0	0
657	15	1	8	0	0
658	15	1	8	0	0
659	15	1	8	0	0
660	15	1	8	0	0
661	15	1	8	0	0
662	14	1	8	0	0
663	14	1	8	0	0
664	14	1	8	0	0
665	14	1	8	0	0
666	14	1	8	0	0
667	14	1	8	0	0
668	14	1	8	0	0
669	14	1	8	0	0
670	14	1	8	0	0
671	14	1	8	0	0
672	14	1	8	0	0
673	14	1	8	0	0
674	14	1	8	0	0
675	14	1	8	0	0
676	14	1	8	0	0
677	14	1	8	0	0
678	14	1	8	0	0
679	14	1	8	0	0
680	14	1	8	0	0
681	14	1	8	0	0
682	14	1	8	0	0
683	14	1	8	0	0
684	14	1	8	0	0
685	14	1	8	0	0
686	14	1	8	0	0
687	14	1	8	0	0
688	14	1	8	0	0
689	14	1	8	0	0
690	14	1	8	0	0
691	14	1	8	0	0
692	14	1	8	0	0
693	14	1	8	0	0
694	14	1	8	0	0
695	14	1	8	0	0
696	14	1	8	0	0
697	14	1	8	0	0
698	14	1	8	0	0
699	14	1	8	0	0
700	14	1	8	0	0
701	14	1	8	0	0
702	14	1	8	0	0
703	14	1	8	0	0
704	14	1	8	0	0
705	14	1	8	0	0
706	14	1	8	0	0
707	14	1	8	0	0
708	14	1	8	0	0
709	14	1	8	0	0
710	14	1	8	0	0
711	14	1	8	0	0
712	14	1	8	0	0
713	14	1	8	0	0
714	14	1	8	0	0
715	14	1	8	0	0
716	14	1	8	0	0
717	14	1	8	0	0
718	14	1	8	0	0
719	14	1	8	0	0
720	14	1	8	0	0
721	14	1	8	0	0
722	14	1	8	0	0
723	14	1	8	0	0
724	14	1	8	0	0
725	14	1	8	0	0
726	14	1	8	0	0
727	14	1	8	0	0
728	14	1	8	0	0
729	14	1	8	0	0
730	14	1	8	0	0
731	14	1	8	0	0
732	14	1	8	0	0
733	14	1	8	0	0
734	14	1	8	0	0
735	14	1	8	0	0
736	14	1	8	0	0
737	14	1	8	0	0
738	14	1	8	0	0
739	14	1	8	0	0
740	14	1	8	0	0
741	14	1	8	0	0
742	14	1	8	0	0
743	14	1	8	0	0
744	14	1	8	0	0
745	14	1	8	0	0
746	14	1	8	0	0
747	14	1	8	0	0
748	14	1	8	0	0
749	14	1	8	0	0
750	14	1	8	0	0
751	14	1	8	0	0
752	14	1	8	0	0
753	14	1	8	0	0
754	14	1	8	0	0
755	14	1	8	0	0
756	14	1	8	0	0
757	14	1	8	0	0
758	14	1	8	0	0
759	14	1	8	0	0
760	14	1	8	0	0
761	14	1	8	0	0
762	14	1	8	0	0
763	14	1	8	0	0
764	14	1	8	0	0
765	14	1	8	0	0
766	14	1	8	0	0
767	14	1	8	0	0
768	14	1	8	0	0
769	14	1	8	0	0
770	14	1	8	0	0
771	14	1	8	0	0
772	14	1	8	0	0
773	14	1	8	0	0
774	14	1	8	0	0
775	14	1	8	0	0
776	14	1	8	0	0
777	14	1	8	0	0
778	14	1	8	0	0
779	14	1	8	0	0
780	14	1	8	0	0
781	14	1	8	0	0
782	14	1	8	0	0
783	14	1	8	0	0
784	14	1	8	0	0
785	14	1	8	0	0
786	14	1	8	0	0
787	14	1	8	0	0
788	14	1	8	0	0
789	14	1	8	0	0
790	14	1	8	0	0
791	14	1	8	0	0
792	14	1	8	0	0
793	14	1	8	0	0
794	14	1	8	0	0
795	14	1	8	0	0
796	14	1	8	0	0
797	14	1	8	0	0
798	14	1	8	0	0
799	14	1	8	0	0
800	14	1	8	0	0
801	14	1	8	0	0
802	14	1	8	0	0
803	14	1	8	0	0
804	14	1	8	0	0
805	14	1	8	0	0
806	14	1	8	0	0
807	14	1	8	0	0
808	14	1	8	0	0
809	14	1	8	0	0
810	14	1	8	0	0
811	14	1	8	0	0
812	14	1	8	0	0
813	14	1	8	0	0
814	14	1	8	0	0
815	14	1	8	0	0
816	14	1	8	0	0
817	14	1	8	0	0
818	15	2	9	0	0
819	15	2	9	0	0
820	15	2	9	0	0
821	15	2	9	0	0
822	14	1	9	0	0
823	15	2	9	0	0
824	14	1	9	0	0
825	15	2	9	0	0
826	15	2	9	0	0
827	15	2	9	0	0
828	15	2	9	0	0
829	14	1	9	0	0
830	14	1	9	0	0
831	14	1	9	0	0
832	14	1	9	0	0
833	15	2	9	0	0
834	15	2	9	0	0
835	15	2	9	0	0
836	15	2	9	0	0
837	15	2	9	0	0
838	15	2	9	0	0
839	15	2	9	0	0
840	15	2	9	0	0
841	15	2	9	0	0
842	15	2	9	0	0
843	14	1	9	0	0
844	14	1	9	0	0
845	13	1	9	0	0
846	13	1	9	0	0
847	13	1	9	0	0
848	14	2	9	0	0
849	14	2	9	0	0
850	14	2	9	0	0
851	14	2	9	0	0
852	14	2	9	0	0
853	14	2	9	0	0
854	14	2	9	0	0
855	14	2	9	0	0
856	14	2	9	0	0
857	14	2	9	0	0
858	14	2	9	0	0
859	14	2	9	0	0
860	14	2	9	0	0
861	14	2	9	0	0
862	14	2	9	0	0
863	14	2	9	0	0
864	14	2	9	0	0
865	14	2	9	0	0
866	14	2	9	0	0
867	14	2	9	0	0
868	14	2	9	0	0
869	14	2	9	0	0
870	14	2	9	0	0
871	14	2	9	0	0
872	14	2	9	0	0
873	14	2	9	0	0
874	14	2	9	0	0
875	14	2	9	0	0
876	14	2	9	0	0
877	14	2	9	0	0
878	14	2	9	0	0
879	14	2	9	0	0
880	15	2	9	0	0
881	15	2	9	0	0
882	15	2	9	0	0
883	15	2	9	0	0
884	15	2	9	0	0
885	15	2	9	0	0
886	15	2	9	0	0
887	15	2	9	0	0
888	15	2	9	0	0
889	15	2	9	0	0
890	15	2	9	0	0
891	15	2	9	0	0
892	15	2	9	0	0
893	15	2	9	0	0
894	15	2	9	0	0
895	15	2	9	0	0
896	15	2	9	0	0
897	15	2	9	0	0
898	15	2	9	0	0
899	15	2	9	0	0
900	15	2	9	0	0
901	15	2	9	0	0
902	15	2	9	0	0
903	15	2	9	0	0
904	15	2	9	0	0
905	15	2	9	0	0
906	15	2	9	0	0
907	15	2	9	0	0
908	15	2	9	0	0
909	15	2	9	0	0
910	15	2	9	0	0
911	15	2	9	0	0
912	15	2	9	0	0
913	16	2	9	0	0
914	16	2	9	0	0
915	16	2	9	0	0
916	16	2	9	0	0
917	15	1	9	0	0
918	16	2	9	0	0
919	16	2	9	0	0
920	16	2	9	0	0
921	15	1	9	0	0
922	15	1	9	0	0
923	15	1	9	0	0
924	15	1	9	0	0
925	15	1	9	0	0
926	15	1	9	0	0
927	15	1	9	0	0
928	15	1	9	0	0
929	15	1	9	0	0
930	15	1	9	0	0
931	15	1	9	0	0
932	15	1	9	0	0
933	15	1	9	0	0
934	15	1	9	0	0
935	15	1	9	0	0
936	15	1	9	0	0
937	15	1	9	0	0
938	15	1	9	0	0
939	15	1	9	0	0
940	15	1	9	0	0
941	15	1	9	0	0
942	15	1	9	0	0
943	15	1	9	0	0
944	16	1	9	0	0
945	16	1	9	0	0
946	16	1	9	0	0
947	16	1	9	0	0
948	16	1	9	0	0
949	16	1	9	0	0
950	16	1	9	0	0
951	16	1	9	0	0
952	16	1	9	0	0
953	16	1	9	0	0
954	16	1	9	0	0
955	16	1	9	0	0
956	16	1	9	0	0
957	16	1	9	0	0
958	16	1	9	0	0
959	16	1	9	0	0
960	16	1	9	0	0
961	17	1	9	0	0
962	17	1	9	0	0
963	17	1	9	0	0
964	17	1	9	0	0
965	17	1	9	0	0
966	17	1	9	0	0
967	17	1	9	0	0
968	17	1	9	0	0
969	17	1	9	0	0
970	17	1	9	0	0
971	17	1	9	0	0
972	17	1	9	0	0
973	17	1	9	0	0
974	17	1	9	0	0
975	17	1	9	0	0
976	17	1	9	0	0
977	17	1	9	0	0
978	17	1	9	0	0
979	17	1	9	0	0
980	17	1	9	0	0
981	17	1	9	0	0
982	17	1	9	0	0
983	17	1	9	0	0
984	17	1	9	0	0
985	17	1	9	0	0
986	17	1	9	0	0
987	17	1	9	0	0
988	17	1	9	0	0
989	17	1	9	0	0
990	17	1	9	0	0
991	17	1	9	0	0
992	17	1	9	0	0
993	17	1	9	0	0
994	17	1	9	0	0
995	17	1	9	0	0
996	17	1	9	0	0
997	17	1	9	0	0
998	17	1	9	0	0
999	17	1	9	0	0
1000	17	1	9	0	0
1001	16	1	9	0	0
1002	16	1	9	0	0
1003	16	1	9	0	0
1004	16	1	9	0	0
1005	16	1	9	0	0
1006	16	1	9	0	0
1007	16	1	9	0	0
1008	16	1	9	0	0
1009	16	1	9	0	0
1010	16	1	9	0	0
1011	16	1	9	0	0
1012	15	1	9	0	0
1013	15	1	9	0	0
1014	15	1	9	0	0
1015	15	1	9	0	0
1016	15	1	9	0	0
1017	15	1	9	0	0
1018	15	1	9	0	0
1019	15	1	9	0	0
1020	15	1	9	0	0
1021	15	1	9	0	0
1022	17	2	10	0	0
1023	17	2	10	0	0
1024	17	2	10	0	0
1025	17	2	10	0	0
1026	16	1	10	0	0
1027	16	1	10	0	0
1028	16	1	10	0	0
1029	17	2	10	0	0
1030	17	2	10	0	0
1031	17	2	10	0	0
1032	17	2	10	0	0
1033	17	2	10	0	0
1034	17	2	10	0	0
1035	17	2	10	0	1
1036	17	2	10	0	1
1037	17	2	10	0	1
1038	17	2	10	0	1
1039	17	2	10	0	1
1040	17	2	10	0	1
1041	17	2	10	0	1
1042	17	2	10	0	1
1043	17	2	10	0	1
1044	16	2	10	0	1
1045	16	2	10	0	1
1046	16	2	10	0	1
1047	16	2	10	0	1
1048	16	2	10	0	1
1049	16	2	10	0	1
1050	16	2	10	0	1
1051	16	2	10	0	1
1052	16	2	10	0	1
1053	16	2	10	0	1
1054	16	2	10	0	1
1055	16	2	10	0	1
1056	16	2	10	0	1
1057	16	2	10	0	1
1058	16	2	10	0	1
1059	16	2	10	0	1
1060	16	2	10	0	1
1061	16	2	10	0	1
1062	16	2	10	0	1
1063	16	2	10	0	1
1064	16	2	10	0	1
1065	16	2	10	0	1
1066	16	2	10	0	1
1067	16	2	10	0	1
1068	16	2	10	0	1
1069	16	2	10	0	1
1070	16	2	10	0	1
1071	16	2	10	0	1
1072	16	2	10	0	1
1073	16	2	10	0	1
1074	16	2	10	0	1
1075	16	2	10	0	1
1076	16	2	10	0	1
1077	16	2	10	0	1
1078	17	3	11	0	1
1079	18	3	11	0	1
1080	17	3	11	0	1
1081	18	3	11	0	1
1082	18	3	11	0	1
1083	18	3	11	0	1
1084	18	3	11	0	1
1085	17	2	11	0	1
1086	18	3	12	0	1
1087	18	3	12	0	1
1088	19	4	12	0	1
1089	19	4	12	0	1
1090	18	4	12	0	1
1091	18	4	12	0	1
1092	18	4	12	0	1
1093	18	4	12	0	1
1094	18	4	12	0	1
1095	18	4	12	0	1
1096	18	4	12	0	1
1097	19	4	12	0	1
1098	19	4	12	0	1
1099	19	4	12	0	1
1100	18	3	12	0	1
1101	18	3	12	0	1
1102	18	3	12	0	1
1103	18	3	12	0	1
1104	18	3	12	0	1
1105	18	3	12	0	1
1106	18	3	12	0	1
1107	18	3	12	0	1
1108	18	3	12	0	1
1109	18	3	12	0	1
1110	18	3	12	0	1
1111	18	3	12	0	1
1112	18	3	12	0	1
1113	18	3	12	0	1
1114	18	3	12	0	1
1115	18	3	12	0	1
1116	18	3	12	0	1
1117	18	3	12	0	1
1118	18	3	12	0	1
1119	18	3	12	0	1
1120	18	3	12	0	1
1121	18	3	12	0	1
1122	18	3	12	0	1
1123	18	3	12	0	1
1124	18	3	12	0	1
1125	18	3	12	0	1
1126	18	3	12	0	1
1127	18	3	12	0	1
1128	18	3	12	0	1
1129	18	3	12	0	1
1130	18	3	12	0	1
1131	18	3	12	0	1
1132	18	3	12	0	1
1133	18	3	12	0	1
1134	18	3	12	0	1
1135	18	3	12	0	1
1136	18	3	12	0	1
1137	18	3	12	0	1
1138	18	3	12	0	1
1139	17	2	12	0	1
1140	17	2	12	0	1
1141	17	2	12	0	1
1142	17	2	12	0	1
1143	17	2	12	0	1
1144	17	2	12	0	1
1145	17	2	12	0	1
1146	17	2	12	0	1
1147	17	2	12	0	1
1148	17	2	12	0	1
1149	17	2	12	0	1
1150	17	2	12	0	1
1151	16	2	12	0	1
1152	16	2	12	0	1
1153	16	2	12	0	1
1154	16	2	12	0	1
1155	16	2	12	0	1
1156	16	2	12	0	1
1157	16	2	12	0	1
1158	16	2	12	0	1
1159	16	2	12	0	1
1160	16	2	12	0	1
1161	16	2	12	0	1
1162	16	2	12	0	1
1163	16	2	12	0	1
1164	16	2	12	0	1
1165	16	2	12	0	1
1166	16	2	12	0	1
1167	15	2	12	0	1
1168	15	2	12	0	1
1169	15	2	12	0	1
1170	15	2	12	0	1
1171	15	2	12	0	1
1172	15	2	12	0	1
1173	15	2	12	0	1
1174	15	2	12	0	1
1175	15	2	12	0	1
1176	15	2	12	0	1
1177	15	2	12	0	1
1178	15	2	12	0	1
1179	15	2	12	0	1
1180	15	2	12	0	1
1181	15	2	12	0	1
1182	15	2	12	0	1
1183	15	2	12	0	1
1184	15	2	12	0	1
1185	15	2	12	0	1
1186	15	2	12	0	1
1187	15	2	12	0	1
1188	15	2	12	0	1
1189	15	2	12	0	1
1190	15	2	12	0	1
1191	15	2	12	0	1
1192	15	2	12	0	1
1193	15	2	12	0	1
1194	15	2	12	0	1
1195	15	2	12	0	1
1196	15	2	12	0	1
1197	15	2	12	0	1
1198	15	2	12	0	1
1199	15	2	12	0	1
1200	15	2	12	0	1
1201	15	2	12	0	1
1202	15	2	12	0	1
1203	15	2	12	0	1
1204	15	2	12	0	1
1205	15	2	12	0	1
1206	15	2	12	0	1
1207	15	2	12	0	1
1208	15	2	12	0	1
1209	15	2	12	0	1
1210	15	2	12	0	1
1211	15	2	12	0	1
1212	15	2	12	0	1
1213	15	2	12	0	1
1214	15	2	12	0	1
1215	15	2	12	0	1
1216	15	2	12	0	1
1217	15	2	12	0	1
1218	15	2	12	0	1
1219	15	2	12	0	1
1220	16	2	12	0	1
1221	16	2	12	0	1
1222	16	2	12	0	1
1223	16	2	12	0	1
1224	16	2	12	0	1
1225	16	2	12	0	1
1226	16	2	12	0	1
1227	16	2	12	0	1
1228	16	2	12	0	1
1229	16	2	12	0	1
1230	16	2	12	0	1
1231	16	2	12	0	1
1232	16	2	12	0	1
1233	16	2	12	0	1
1234	16	2	12	0	1
1235	16	2	12	0	1
1236	16	2	12	0	1
1237	16	2	12	0	1
1238	16	2	12	0	1
1239	16	2	12	0	1
1240	16	2	12	0	1
1241	16	2	12	0	1
1242	16	2	12	0	1
1243	16	2	12	0	1
1244	16	2	12	0	1
1245	16	2	12	0	1
1246	16	2	12	0	1
1247	16	2	12	0	1
1248	16	2	12	0	1
1249	16	2	12	0	1
1250	16	2	12	0	1
1251	15	2	12	0	1
1252	15	2	12	0	1
1253	15	2	12	0	1
1254	15	2	12	0	1
1255	15	2	12	0	1
1256	15	2	12	0	1
1257	15	2	12	0	1
1258	15	2	12	0	1
1259	15	2	12	0	1
1260	15	2	12	0	1
1261	15	2	12	0	1
1262	15	2	12	0	1
1263	15	2	12	0	1
1264	15	2	12	0	1
1265	15	2	12	0	1
1266	15	2	12	0	1
1267	15	2	12	0	1
1268	15	2	12	0	1
1269	15	2	12	0	1
1270	15	2	12	0	1
1271	15	2	12	0	1
1272	15	2	12	0	1
1273	15	2	12	0	1
1274	15	2	12	0	1
1275	15	2	12	0	1
1276	15	2	12	0	1
1277	15	2	12	0	1
1278	15	2	12	0	1
1279	15	2	12	0	1
1280	15	2	12	0	1
1281	15	2	12	0	1
1282	15	2	12	0	1
1283	15	2	12	0	1
1284	14	2	12	0	1
1285	14	2	12	0	1
1286	13	2	12	0	1
1287	14	2	12	0	1
1288	14	2	12	0	1
1289	14	2	12	0	1
1290	14	2	12	0	1
1291	14	2	12	0	1
1292	14	2	12	0	1
1293	14	2	12	0	1
1294	14	2	12	0	1
1295	14	2	12	0	1
1296	14	2	12	0	1
1297	14	2	12	0	1
1298	14	2	12	0	1
1299	14	2	12	0	1
1300	14	2	12	0	1
1301	14	2	12	0	1
1302	14	2	12	0	1
1303	14	2	12	0	1
1304	14	2	12	0	1
1305	14	2	12	0	1
1306	14	2	12	0	1
1307	14	2	12	0	1
1308	14	2	12	0	1
1309	14	2	12	0	1
1310	14	2	12	0	1
1311	14	2	12	0	1
1312	14	2	12	0	1
1313	14	2	12	0	1
1314	14	2	12	0	1
1315	14	2	12	0	1
1316	14	2	12	0	1
1317	14	2	12	0	1
1318	14	2	12	0	1
1319	14	2	12	0	1
1320	14	2	12	0	1
1321	14	2	12	0	1
1322	14	2	12	0	1
1323	14	2	12	0	1
1324	14	2	12	0	1
1325	14	2	12	0	1
1326	14	2	12	0	1
1327	14	2	12	0	1
1328	14	2	12	0	1
1329	14	2	12	0	1
1330	14	2	12	0	1
1331	14	2	12	0	1
1332	14	2	12	0	1
1333	14	2	12	0	1
1334	14	2	12	0	1
1335	14	2	12	0	1
1336	14	2	12	0	1
1337	14	2	12	0	1
1338	14	2	12	0	1
1339	14	2	12	0	1
1340	14	2	12	0	1
1341	14	2	12	0	1
1342	14	2	12	0	1
1343	14	2	12	0	1
1344	14	2	12	0	1
1345	14	2	12	0	1
1346	14	2	12	0	1
1347	14	2	12	0	1
1348	14	2	12	0	1
1349	14	2	12	0	1
1350	14	2	12	0	1
1351	14	2	12	0	1
1352	14	2	12	0	1
1353	14	2	12	0	1
1354	14	2	12	0	1
1355	14	2	12	0	1
1356	14	2	12	0	1
1357	14	2	12	0	1
1358	14	2	12	0	1
1359	14	2	12	0	1
1360	14	2	12	0	1
1361	14	2	12	0	1
1362	14	2	12	0	1
1363	14	2	12	0	1
1364	13	2	12	0	1
1365	14	2	12	0	1
1366	14	2	12	0	1
1367	14	2	12	0	1
1368	14	2	12	0	1
1369	14	2	12	0	1
1370	14	2	12	0	1
1371	14	2	12	0	1
1372	14	2	12	0	1
1373	14	2	12	0	1
1374	14	2	12	0	1
1375	14	2	12	0	1
1376	14	2	12	0	1
1377	14	2	12	0	1
1378	14	2	12	0	1
1379	14	2	12	0	1
1380	14	2	12	0	1
1381	14	2	12	0	1
1382	14	2	12	0	1
1383	14	2	12	0	1
1384	14	2	12	0	1
1385	14	2	12	0	1
1386	14	2	12	0	1
1387	14	2	12	0	1
1388	14	2	12	0	1
1389	14	2	12	0	1
1390	13	2	12	0	1
1391	13	2	12	0	1
1392	13	2	12	0	1
1393	13	2	12	0	1
1394	13	2	12	0	1
1395	13	2	12	0	1
1396	13	2	12	0	1
1397	13	2	12	0	1
1398	13	2	12	0	1
1399	13	2	12	0	1
1400	13	2	12	0	1
1401	13	2	12	0	1
1402	13	2	12	0	1
1403	13	2	12	0	1
1404	12	2	12	0	1
1405	12	2	12	0	1
1406	12	2	12	0	1
1407	12	2	12	0	1
1408	12	2	12	0	1
1409	12	2	12	0	1
1410	12	2	12	0	1
1411	12	2	12	0	1
1412	12	2	12	0	1
1413	11	2	12	0	1
1414	11	2	12	0	1
1415	11	2	12	0	1
1416	11	2	12	0	1
1417	11	2	12	0	1
1418	11	2	12	0	1
1419	11	2	12	0	1
1420	11	2	12	0	1
1421	11	2	12	0	1
1422	11	2	12	0	1
1423	11	2	12	0	1
1424	11	2	12	0	1
1425	11	2	12	0	1
1426	11	2	12	0	1
1427	11	2	12	0	1
1428	11	2	12	0	1
1429	11	2	12	0	1
1430	11	2	12	0	1
1431	11	2	12	0	1
1432	11	2	12	0	1
1433	11	2	12	0	1
1434	11	2	12	0	1
1435	11	2	12	0	1
1436	11	2	12	0	1
1437	11	2	12	0	1
1438	11	2	12	0	1
1439	11	2	12	0	1
1440	11	2	12	0	1
1441	11	2	12	0	1
1442	11	2	12	0	1
1443	11	2	12	0	1
1444	11	2	12	0	1
1445	11	2	12	0	1
1446	11	2	12	0	1
1447	11	2	12	0	1
1448	11	2	12	0	1
1449	11	2	12	0	1
1450	11	2	12	0	1
1451	11	2	12	0	1
1452	11	2	12	0	1
1453	11	2	12	0	1
1454	11	2	12	0	1
1455	11	2	12	0	1
1456	11	2	12	0	1
1457	11	2	12	0	1
1458	11	2	12	0	1
1459	11	2	12	0	1
1460	11	2	12	0	1
1461	11	2	12	0	1
1462	11	2	12	0	1
1463	11	2	12	0	1
1464	11	2	12	0	1
1465	11	2	12	0	1
1466	11	2	12	0	1
1467	11	2	12	0	1
1468	11	2	12	0	1
1469	11	2	12	0	1
1470	11	2	12	0	1
1471	11	2	12	0	1
1472	11	2	12	0	1
1473	11	2	12	0	1
1474	11	2	12	0	1
1475	11	2	12	0	1
1476	11	2	12	0	1
1477	11	2	12	0	1
1478	11	2	12	0	1
1479	11	2	12	0	1
1480	11	2	12	0	1
1481	11	2	12	0	1
1482	11	2	12	0	1
1483	12	2	12	0	1
1484	12	2	12	0	1
1485	12	2	12	0	1
1486	12	2	12	0	1
1487	12	2	12	0	1
1488	12	2	12	0	1
1489	12	2	12	0	1
1490	12	2	12	0	1
1491	12	2	12	0	1
1492	12	2	12	0	1
1493	12	2	12	0	1
1494	12	2	12	0	1
1495	12	2	12	0	1
1496	12	2	12	0	1
1497	12	2	12	0	1
1498	12	2	12	0	1
1499	12	2	12	0	1
1500	12	2	12	0	1
1501	14	2	12	0	1
1502	14	2	12	0	1
1503	15	2	12	0	1
1504	15	2	12	0	1
1505	15	2	12	0	1
1506	15	2	12	0	1
1507	15	2	12	0	1
1508	15	2	12	0	1
1509	15	2	12	0	1
1510	15	2	12	0	1
1511	16	3	13	0	1
1512	16	3	13	0	1
1513	16	3	13	0	1
1514	17	4	14	0	1
1515	16	3	14	0	1
1516	16	3	14	0	1
1517	16	3	14	0	1
1518	16	3	14	0	1
1519	16	3	14	0	1
1520	16	3	14	0	1
1521	16	3	14	0	1
1522	16	3	14	0	1
1523	16	3	14	0	1
1524	16	3	14	0	1
1525	16	3	14	0	1
1526	16	3	14	0	1
1527	16	3	14	0	1
1528	16	3	14	0	1
1529	16	3	14	0	1
1530	16	3	14	0	1
1531	16	3	14	0	1
1532	16	3	14	0	1
1533	16	3	14	0	1
1534	16	3	14	0	1
1535	16	3	14	0	1
1536	16	3	14	0	1
1537	17	4	15	0	1
1538	17	4	15	0	1
1539	17	4	15	0	1
1540	17	4	15	0	1
1541	17	4	15	0	1
1542	17	4	15	0	1
1543	17	4	15	0	1
1544	17	4	15	0	1
1545	17	4	15	0	1
1546	17	4	15	0	1
1547	17	4	15	0	1
1548	17	4	15	0	1
1549	16	3	15	0	1
1550	15	2	15	0	1
1551	15	2	15	0	1
1552	15	2	15	0	1
1553	15	2	15	0	1
1554	15	2	15	0	1
1555	15	2	15	0	1
1556	15	2	15	0	1
1557	15	2	15	0	1
1558	15	2	15	0	1
1559	15	2	15	0	1
1560	15	2	15	0	1
1561	15	2	15	0	1
1562	15	2	15	0	1
1563	15	2	15	0	1
1564	15	2	15	0	1
1565	15	2	15	0	1
1566	15	2	15	0	1
1567	15	2	15	0	1
1568	15	2	15	0	1
1569	15	2	15	0	1
1570	15	2	15	0	1
1571	15	2	15	0	1
1572	15	2	15	0	1
1573	15	2	15	0	1
1574	15	2	15	0	1
1575	15	2	15	0	1
1576	15	2	15	0	1
1577	15	2	15	0	1
1578	15	2	15	0	1
1579	15	2	15	0	1
1580	15	2	15	0	1
1581	15	2	15	0	1
1582	15	2	15	0	1
1583	15	2	15	0	1
1584	15	2	15	0	1
1585	15	2	15	0	1
1586	15	2	15	0	1
1587	15	2	15	0	1
1588	15	2	15	0	1
1589	15	2	15	0	1
1590	15	2	15	0	1
1591	15	2	15	0	1
1592	15	2	15	0	1
1593	15	2	15	0	1
1594	15	2	15	0	1
1595	15	2	15	0	1
1596	15	2	15	0	1
1597	15	2	15	0	1
1598	15	2	15	0	1
1599	15	2	15	0	1
1600	14	2	15	0	1
1601	14	2	15	0	1
1602	15	2	15	0	1
1603	15	2	15	0	1
1604	16	3	16	0	1
1605	16	3	16	0	1
1606	17	3	16	0	1
1607	17	3	16	0	1
1608	17	3	16	0	1
1609	17	3	16	0	1
1610	17	3	16	0	1
1611	17	3	16	0	1
1612	17	3	16	0	1
1613	17	3	16	0	1
1614	17	3	16	0	1
