Frame	Objetos_Detectados	IDs_Confirmados	IDs_Unicos	En_Zonas	Cruzaron_Lineas
1	41	0	0	0	0
2	40	0	0	0	0
3	39	0	0	0	0
4	39	0	0	0	0
5	37	35	35	0	0
6	38	34	35	0	0
7	38	34	35	0	0
8	39	34	35	0	0
9	39	34	35	0	0
10	39	36	37	0	0
11	40	37	38	0	0
12	39	36	38	0	0
13	38	36	38	0	0
14	39	36	38	0	0
15	39	36	38	0	0
16	39	36	38	0	0
17	37	35	38	0	0
18	37	34	38	0	0
19	36	34	39	0	0
20	37	34	39	0	0
21	37	34	39	0	0
22	37	35	40	0	0
23	37	34	40	0	0
24	38	35	40	0	0
25	39	35	40	0	0
26	39	36	41	0	0
27	40	37	41	0	0
28	37	35	41	0	0
29	36	34	41	0	0
30	36	34	41	0	0
31	38	36	43	0	0
32	38	36	43	0	0
33	37	36	43	0	0
34	37	36	43	0	0
35	37	36	43	0	0
36	37	36	43	0	0
37	37	36	43	0	0
38	38	37	43	0	0
39	38	37	43	0	0
40	39	36	43	0	0
41	39	35	43	0	0
42	39	35	44	0	0
43	35	34	44	0	0
44	37	35	44	0	0
45	38	34	44	0	0
46	36	33	44	0	0
47	38	35	44	0	0
48	35	35	45	0	0
49	36	35	45	0	0
50	37	35	45	0	0
51	37	35	45	0	0
52	41	35	45	0	0
53	41	35	45	0	0
54	41	36	45	0	0
55	41	36	45	0	0
56	41	40	48	0	0
57	41	39	48	0	0
58	41	40	49	0	0
59	42	39	49	0	0
60	42	40	49	0	0
61	42	39	49	0	0
62	42	39	49	0	0
63	39	39	49	0	0
64	40	39	50	0	0
65	40	38	50	0	0
66	38	38	50	0	0
67	40	39	50	0	0
68	39	36	50	0	0
69	39	36	50	0	0
70	40	36	50	0	0
71	38	36	51	0	0
72	39	38	51	0	0
73	38	36	51	0	0
74	40	39	52	0	0
75	41	39	52	0	0
76	42	38	52	0	0
77	42	39	52	0	0
78	41	39	53	0	0
79	42	40	54	0	0
80	42	41	55	0	0
81	41	39	55	0	0
82	41	38	55	0	0
83	40	40	56	0	0
84	41	40	56	0	0
85	42	39	56	0	0
86	41	40	56	0	0
87	41	40	56	0	0
88	40	40	57	0	0
89	40	40	57	0	0
90	40	40	57	0	0
91	40	40	57	0	0
92	40	40	57	0	0
93	40	40	57	0	0
94	41	40	57	0	0
95	41	40	57	0	0
96	40	40	57	0	0
97	39	39	57	0	0
98	39	38	57	0	0
99	39	39	57	0	0
100	39	39	57	0	0
101	38	38	57	0	0
102	37	37	57	0	0
103	38	36	57	0	0
104	38	35	57	0	0
105	39	36	57	0	0
106	39	36	57	0	0
107	38	37	58	0	0
108	36	36	58	0	0
109	36	36	58	0	0
110	35	34	58	0	0
111	35	34	58	0	0
112	35	35	58	0	0
113	35	34	58	0	0
114	34	34	58	0	0
115	34	34	58	0	0
116	34	33	58	0	0
117	33	33	58	0	0
118	33	32	58	0	0
119	33	32	58	0	0
120	33	33	58	0	0
121	36	34	58	0	0
122	36	35	59	0	0
123	35	34	59	0	0
124	35	34	59	0	0
125	36	35	59	0	0
126	37	35	59	0	0
127	38	35	59	0	0
128	35	33	59	0	0
129	36	33	59	0	0
130	36	33	60	0	0
131	36	34	61	0	0
132	34	33	61	0	0
133	33	33	61	0	0
134	33	33	61	0	0
135	32	32	61	0	0
136	32	32	61	0	0
137	31	30	61	0	0
138	32	31	61	0	0
139	34	32	61	0	0
140	34	32	61	0	0
141	33	32	61	0	0
142	34	32	61	0	0
143	32	31	61	0	0
144	32	31	61	0	0
145	32	31	61	0	0
146	31	31	61	0	0
147	31	31	61	0	0
148	32	32	61	0	0
149	32	32	61	0	0
150	32	32	61	0	0
151	33	33	62	0	0
152	34	32	62	0	0
153	34	32	62	0	0
154	31	30	62	0	0
155	31	30	62	0	0
156	32	31	62	0	0
157	31	31	62	0	0
158	31	30	62	0	0
159	31	30	62	0	0
160	30	29	62	0	0
161	31	30	62	0	0
162	31	29	62	0	0
163	31	30	62	0	0
164	30	29	62	0	0
165	30	30	63	0	0
166	30	30	63	0	0
167	30	30	63	0	0
168	30	30	63	0	0
169	30	30	63	0	0
170	30	30	63	0	0
171	30	30	63	0	0
172	30	30	63	0	0
173	30	30	63	0	0
174	30	30	63	0	0
175	30	30	63	0	0
176	30	29	63	0	0
177	30	30	63	0	0
178	30	28	63	0	0
179	30	30	63	0	0
180	30	30	63	0	0
181	30	30	63	0	0
182	31	29	63	0	0
183	32	29	63	0	0
184	30	29	63	0	0
185	31	30	63	0	0
186	30	30	63	0	0
187	30	30	63	0	0
188	30	30	63	0	0
189	30	30	63	0	0
190	30	30	63	0	0
191	30	30	63	0	0
192	31	30	63	0	0
193	31	30	63	0	0
194	32	30	63	0	0
195	32	30	63	0	0
196	33	31	64	0	0
197	33	31	64	0	0
198	33	32	65	0	0
199	33	32	65	0	0
200	34	33	66	0	0
201	34	33	66	0	0
202	34	33	66	0	0
203	33	32	66	0	0
204	33	33	67	0	0
205	33	33	67	0	0
206	34	33	67	0	0
207	35	33	67	0	0
208	32	29	67	0	0
209	30	28	67	0	0
210	31	29	67	0	0
211	31	28	67	0	0
212	31	30	68	0	0
213	29	28	68	0	0
214	30	28	68	0	0
215	30	28	68	0	0
216	31	28	68	0	0
217	32	27	68	0	0
218	32	28	69	0	0
219	31	28	69	0	0
220	32	28	69	0	0
221	32	28	69	0	0
222	32	29	70	0	0
223	32	30	71	0	0
224	33	31	72	0	0
225	32	28	72	0	0
226	31	25	72	0	0
227	31	25	72	0	0
228	31	26	72	0	0
229	31	28	72	0	0
230	31	29	72	0	0
231	31	29	72	0	0
232	31	29	72	0	0
233	30	27	72	0	0
234	30	27	72	0	0
235	30	27	72	0	0
236	29	26	72	0	0
237	29	27	72	0	0
238	30	27	72	0	0
239	28	25	72	0	0
240	28	24	72	0	0
241	28	25	72	0	0
242	29	27	73	0	0
243	28	26	73	0	0
244	28	27	73	0	0
245	28	26	73	0	0
246	28	25	73	0	0
247	28	25	73	0	0
248	28	25	73	0	0
249	28	24	73	0	0
250	29	23	73	0	0
251	28	23	73	0	0
252	30	25	73	0	0
253	30	26	73	0	0
254	28	26	73	0	0
255	29	27	74	0	0
256	30	26	74	0	0
257	29	26	74	0	0
258	30	27	75	0	0
259	30	28	76	0	0
260	31	27	76	0	0
261	31	26	76	0	0
262	31	28	77	0	0
263	30	27	77	0	0
264	29	28	77	0	0
265	30	27	77	0	0
266	29	27	77	0	0
267	30	27	77	0	0
268	31	26	77	0	0
269	31	26	78	0	0
270	30	26	78	0	0
271	30	27	79	0	0
272	30	27	79	0	0
273	31	27	79	0	0
274	29	27	79	0	0
275	30	25	79	0	0
276	30	26	79	0	0
277	29	23	79	0	0
278	30	25	79	0	0
279	32	26	80	0	0
280	31	26	80	0	0
281	31	26	80	0	0
282	32	29	82	0	0
283	32	28	82	0	0
284	31	29	83	0	0
285	31	29	84	0	0
286	30	29	84	0	0
287	30	29	84	0	0
288	30	27	84	0	0
289	30	27	84	0	0
290	30	27	84	0	0
291	30	28	84	0	0
292	30	27	84	0	0
293	30	28	84	0	0
294	31	29	84	0	0
295	33	28	84	0	0
296	33	29	84	0	0
297	33	29	84	0	0
298	34	29	85	0	0
299	34	31	87	0	0
300	34	31	87	0	0
301	33	28	87	0	0
302	33	30	87	0	0
303	31	28	87	0	0
304	31	29	88	0	0
305	30	28	88	0	0
306	31	29	88	0	0
307	30	28	89	0	0
308	31	28	89	0	0
309	31	28	89	0	0
310	31	27	89	0	0
311	30	28	89	0	0
312	30	27	90	0	0
313	31	28	90	0	0
314	29	26	90	0	0
315	32	29	90	0	0
316	31	29	90	0	0
317	32	29	90	0	0
318	32	29	90	0	0
319	32	29	91	0	0
320	32	30	91	0	0
321	34	31	92	0	0
322	34	31	92	0	0
323	34	31	92	0	0
324	30	29	92	0	0
325	31	28	92	0	0
326	32	28	92	0	0
327	33	28	92	0	0
328	31	26	92	0	0
329	32	29	94	0	0
330	34	31	95	0	0
331	31	30	96	0	0
332	30	29	96	0	0
333	32	31	97	0	0
334	34	33	97	0	0
335	34	33	97	0	0
336	34	33	97	0	0
337	32	31	98	0	0
338	31	30	98	0	0
339	32	32	98	0	0
340	32	31	98	0	0
341	33	31	98	0	0
