Frame	Objetos_Detectados	IDs_Confirmados	IDs_Unicos	En_Zonas	Cruzaron_Lineas
1	41	39	39	0	0
2	40	38	39	0	0
3	39	36	39	0	0
4	39	36	39	0	0
5	37	35	39	0	0
6	38	36	41	0	0
7	38	36	42	0	0
8	39	37	42	0	0
9	39	38	43	0	0
10	39	37	43	0	0
11	40	39	45	0	0
12	39	37	45	0	0
13	38	36	45	0	0
14	39	38	45	0	0
15	39	37	45	0	0
16	39	36	45	0	0
17	37	35	45	0	0
18	37	36	46	0	0
19	36	35	46	0	0
20	37	35	46	0	0
21	37	36	46	0	1
22	37	36	47	0	1
23	37	35	47	0	1
24	38	37	47	0	1
25	39	38	48	0	1
26	39	37	48	0	1
27	40	39	49	0	1
28	37	36	49	0	2
29	36	36	49	0	3
30	36	36	49	0	3
31	38	37	50	0	3
32	38	36	50	0	3
33	37	36	50	0	3
34	37	36	50	0	3
35	37	36	50	0	3
36	37	36	50	0	3
37	37	36	50	0	3
38	38	38	51	0	3
39	38	38	51	0	3
40	39	38	52	0	3
41	39	38	53	0	3
42	39	36	53	0	3
43	35	34	53	0	3
44	37	36	54	0	3
45	38	36	55	0	3
46	36	35	56	0	3
47	38	37	56	0	3
48	35	35	56	0	3
49	36	35	56	0	3
50	37	35	56	0	3
51	37	35	56	0	3
52	41	39	60	0	3
53	41	39	60	0	3
54	41	40	61	0	3
55	41	40	61	0	3
56	41	41	61	0	3
57	41	40	61	0	3
58	41	40	61	0	4
59	42	41	63	0	4
60	42	42	63	0	5
61	42	41	63	0	5
62	42	41	63	0	5
63	39	39	63	0	5
64	40	39	63	0	5
65	40	39	64	0	5
66	38	38	64	0	5
67	40	40	65	0	5
68	39	37	65	0	5
69	39	37	65	0	5
70	40	38	66	0	5
71	38	37	66	0	5
72	39	39	66	0	5
73	38	37	66	0	6
74	40	40	67	0	6
75	41	41	68	0	6
76	42	41	69	0	6
77	42	42	69	0	6
78	41	41	69	0	6
79	42	42	70	0	6
80	42	42	70	0	6
81	41	40	70	0	6
82	41	39	70	0	6
83	40	40	70	0	6
84	41	41	71	0	6
85	42	41	72	0	6
86	41	41	72	0	7
87	41	41	72	0	7
88	40	40	72	0	7
89	40	40	72	0	7
90	40	40	72	0	7
91	40	40	72	0	7
92	40	40	72	0	8
93	40	40	72	0	8
94	41	41	73	0	8
95	41	41	73	0	8
96	40	40	73	0	8
97	39	39	73	0	8
98	39	38	73	0	8
99	39	39	73	0	8
100	39	39	73	0	8
101	38	38	73	0	8
102	37	37	73	0	8
103	38	37	74	0	9
104	38	36	74	0	9
105	39	38	75	0	9
106	39	38	75	0	9
107	38	38	75	0	9
108	36	36	75	0	9
109	36	36	75	0	9
110	35	34	75	0	9
111	35	34	75	0	9
112	35	35	75	0	9
113	35	34	75	0	9
114	34	34	75	0	9
115	34	34	75	0	9
116	34	33	75	0	9
117	33	33	75	0	9
118	33	32	75	0	9
119	33	32	75	0	9
120	33	33	75	0	9
121	36	35	75	0	9
122	36	35	75	0	9
123	35	34	75	0	9
124	35	35	76	0	9
125	36	35	76	0	9
126	37	36	77	0	9
127	38	37	78	0	9
128	35	35	78	0	9
129	36	35	78	0	9
130	36	35	79	0	9
131	36	35	79	0	9
132	34	33	79	0	9
133	33	33	79	0	9
134	33	33	79	0	9
135	32	32	79	0	9
136	32	32	79	0	9
137	31	30	79	0	9
138	32	31	79	0	9
139	34	33	80	0	9
140	34	33	80	0	9
141	33	32	80	0	9
142	34	33	81	0	9
143	32	32	81	0	10
144	32	32	81	0	10
145	32	32	81	0	10
146	31	31	81	0	10
147	31	31	81	0	10
148	32	32	81	0	10
149	32	32	81	0	10
150	32	32	81	0	10
151	33	33	81	0	10
152	34	33	82	0	10
153	34	33	82	0	10
154	31	31	82	0	10
155	31	31	82	0	10
156	32	31	82	0	10
157	31	31	82	0	10
158	31	30	82	0	10
159	31	30	82	0	10
160	30	29	82	0	10
161	31	31	83	0	10
162	31	30	83	0	10
163	31	31	83	0	10
164	30	30	83	0	10
165	30	30	83	0	10
166	30	30	83	0	10
167	30	30	83	0	10
168	30	30	83	0	10
169	30	30	83	0	10
170	30	30	83	0	10
171	30	30	83	0	10
172	30	30	83	0	10
173	30	30	83	0	10
174	30	30	83	0	10
175	30	30	83	0	10
176	30	29	83	0	10
177	30	30	83	0	10
178	30	28	83	0	10
179	30	30	83	0	10
180	30	30	83	0	10
181	30	30	83	0	10
182	31	30	84	0	10
183	32	31	85	0	10
184	30	30	85	0	10
185	31	31	85	0	10
186	30	30	85	0	10
187	30	30	85	0	10
188	30	30	85	0	10
189	30	30	85	0	10
190	30	30	85	0	10
191	30	30	85	0	10
192	31	31	86	0	10
193	31	31	86	0	10
194	32	32	87	0	10
195	32	32	87	0	10
196	33	33	88	0	10
197	33	33	88	0	10
198	33	33	88	0	10
199	33	33	88	0	10
200	34	34	89	0	10
201	34	34	89	0	10
202	34	34	89	0	10
203	33	33	89	0	10
204	33	33	89	0	10
205	33	33	89	0	10
206	34	33	89	0	10
207	35	33	89	0	10
208	32	30	90	0	10
209	30	29	90	0	10
210	31	30	90	0	10
211	31	29	90	0	10
212	31	30	90	0	10
213	29	28	90	0	10
214	30	29	91	0	10
215	30	29	91	0	10
216	31	29	91	0	10
217	32	28	91	0	10
218	32	29	92	0	10
219	31	30	93	0	10
220	32	31	94	0	10
221	32	31	94	0	10
222	32	31	94	0	10
223	32	31	94	0	10
224	33	31	94	0	10
225	32	28	94	0	10
226	31	25	94	0	10
227	31	25	94	0	10
228	31	26	94	0	10
229	31	28	94	0	10
230	31	29	94	0	10
231	31	29	94	0	10
232	31	29	94	0	10
233	30	27	94	0	10
234	30	27	94	0	10
235	30	27	94	0	10
236	29	26	94	0	10
237	29	27	94	0	10
238	30	28	95	0	10
239	28	26	95	0	11
240	28	25	95	0	11
241	28	26	95	0	11
242	29	27	95	0	11
243	28	26	95	0	11
244	28	27	95	0	11
245	28	26	95	0	11
246	28	25	95	0	11
247	28	25	95	0	11
248	28	25	95	0	11
249	28	24	95	0	11
250	29	23	95	0	11
251	28	24	96	0	11
252	30	27	97	0	11
253	30	28	97	0	11
254	28	27	97	0	11
255	29	28	98	0	11
256	30	28	98	0	11
257	29	28	98	0	11
258	30	29	99	0	11
259	30	29	99	0	11
260	31	28	99	0	11
261	31	27	99	0	12
262	31	28	99	0	12
263	30	27	99	0	12
264	29	28	99	0	12
265	30	28	100	0	12
266	29	28	100	0	12
267	30	29	101	0	12
268	31	28	101	0	12
269	31	27	101	0	12
270	30	27	101	0	12
271	30	27	101	0	12
272	30	27	101	0	12
273	31	28	102	0	12
274	29	27	102	0	12
275	30	26	103	0	12
276	30	27	103	0	13
277	29	25	104	0	13
278	30	29	106	0	13
279	32	29	106	0	13
280	31	29	107	0	13
281	31	30	108	0	13
282	32	31	108	0	13
283	32	30	108	0	13
284	31	30	108	0	13
285	31	29	108	0	13
286	30	29	108	0	13
287	30	29	108	0	14
288	30	28	109	0	14
289	30	28	109	0	15
290	30	27	109	0	15
291	30	28	109	0	15
292	30	27	109	0	15
293	30	28	109	0	15
294	31	30	110	0	15
295	33	31	112	0	15
296	33	32	112	0	15
297	33	33	113	0	15
298	34	32	113	0	15
299	34	31	113	0	15
300	34	32	114	0	15
301	33	30	115	0	15
302	33	32	115	0	15
303	31	30	115	0	15
304	31	30	115	0	15
305	30	28	115	0	15
306	31	29	115	0	15
307	30	28	115	0	15
308	31	29	116	0	15
309	31	29	116	0	15
310	31	28	116	0	15
311	30	29	116	0	15
312	30	27	116	0	15
313	31	28	116	0	15
314	29	26	116	0	15
315	32	30	117	0	15
316	31	30	117	0	15
317	32	31	118	0	15
318	32	31	118	0	15
319	32	30	118	0	15
320	32	31	118	0	15
321	34	34	121	0	15
322	34	34	121	0	15
323	34	33	121	0	15
324	30	29	121	0	15
325	31	30	123	0	15
326	32	31	124	0	15
327	33	33	125	0	15
328	31	31	125	0	15
329	32	31	125	0	15
330	34	33	125	0	15
331	31	30	125	0	15
332	30	29	125	0	15
333	32	32	126	0	15
334	34	34	126	0	15
335	34	34	126	0	15
336	34	34	126	0	15
337	32	31	126	0	15
338	31	30	126	0	15
339	32	32	126	0	15
340	32	32	127	0	15
341	33	33	128	0	15
